Pingpong for
master:  0, 1, 2, 3, 4, 5, 6, 7
partner: 8, 9, 10, 11, 12, 13, 14, 15
1	1.27e-06	1.28e-06	1.30e-06	1.31e-06	1.31e-06	1.31e-06	1.31e-06	1.31e-06	
2	1.28e-06	1.29e-06	1.30e-06	1.32e-06	1.31e-06	1.31e-06	1.32e-06	1.33e-06	
4	1.67e-06	1.69e-06	1.71e-06	1.74e-06	1.75e-06	1.75e-06	1.75e-06	1.76e-06	
8	1.80e-06	1.81e-06	1.82e-06	1.84e-06	1.84e-06	1.84e-06	1.85e-06	1.85e-06	
16	2.15e-06	2.17e-06	2.20e-06	2.23e-06	2.23e-06	2.23e-06	2.24e-06	2.24e-06	
32	2.21e-06	2.24e-06	2.28e-06	2.33e-06	2.33e-06	2.33e-06	2.33e-06	2.33e-06	
64	2.31e-06	2.40e-06	2.50e-06	2.64e-06	2.64e-06	2.64e-06	2.65e-06	2.73e-06	
128	2.96e-06	3.16e-06	3.45e-06	3.77e-06	3.76e-06	3.76e-06	3.77e-06	3.76e-06	
256	3.55e-06	3.93e-06	4.39e-06	4.76e-06	4.77e-06	4.78e-06	4.78e-06	4.79e-06	
512	4.69e-06	5.24e-06	6.30e-06	7.23e-06	7.25e-06	7.25e-06	7.26e-06	7.27e-06	
1024	7.39e-06	8.39e-06	9.96e-06	1.17e-05	1.18e-05	1.18e-05	1.18e-05	1.18e-05	
2048	4.92e-06	6.88e-06	6.90e-06	6.92e-06	6.92e-06	6.93e-06	7.16e-06	7.17e-06	
4096	7.11e-06	7.69e-06	7.77e-06	7.84e-06	7.87e-06	7.85e-06	8.03e-06	8.05e-06	
8192	1.11e-05	1.11e-05	1.12e-05	1.15e-05	1.15e-05	1.15e-05	1.16e-05	1.16e-05	
16384	1.99e-05	1.93e-05	1.93e-05	1.94e-05	2.02e-05	2.05e-05	1.99e-05	1.96e-05	
32768	3.76e-05	3.56e-05	3.58e-05	3.78e-05	3.62e-05	3.77e-05	3.65e-05	3.77e-05	
65536	7.18e-05	6.91e-05	7.01e-05	7.18e-05	7.19e-05	7.17e-05	7.17e-05	7.17e-05	
Pingpong for
master:  0, 2, 4, 6, 8, 10, 12, 14
partner: 1, 3, 5, 7, 9, 11, 13, 15
1	9.44e-07	9.68e-07	9.71e-07	9.74e-07	9.76e-07	1.17e-06	1.16e-06	1.16e-06	
2	9.55e-07	9.73e-07	9.68e-07	9.82e-07	9.92e-07	1.17e-06	1.17e-06	1.18e-06	
4	1.34e-06	1.34e-06	1.42e-06	1.38e-06	1.49e-06	1.47e-06	1.49e-06	1.47e-06	
8	1.47e-06	1.49e-06	1.49e-06	1.49e-06	1.50e-06	1.49e-06	1.50e-06	1.60e-06	
16	1.49e-06	1.50e-06	1.50e-06	1.51e-06	1.51e-06	1.51e-06	1.51e-06	1.52e-06	
32	1.52e-06	1.53e-06	1.54e-06	1.54e-06	1.54e-06	1.55e-06	1.55e-06	1.55e-06	
64	1.59e-06	1.60e-06	1.65e-06	1.67e-06	1.69e-06	1.70e-06	1.70e-06	1.72e-06	
128	1.82e-06	1.86e-06	1.87e-06	1.88e-06	1.90e-06	2.01e-06	2.03e-06	2.03e-06	
256	2.43e-06	2.62e-06	2.63e-06	2.70e-06	2.70e-06	2.88e-06	2.90e-06	2.94e-06	
512	3.29e-06	3.52e-06	3.56e-06	3.63e-06	3.68e-06	3.87e-06	3.92e-06	3.98e-06	
1024	5.28e-06	5.52e-06	5.60e-06	5.71e-06	5.80e-06	6.06e-06	6.14e-06	6.30e-06	
2048	4.09e-06	6.08e-06	6.08e-06	6.20e-06	6.21e-06	6.21e-06	6.22e-06	6.31e-06	
4096	6.10e-06	7.24e-06	7.24e-06	7.25e-06	7.25e-06	7.27e-06	7.28e-06	7.28e-06	
8192	9.68e-06	1.06e-05	1.07e-05	1.07e-05	1.07e-05	1.07e-05	1.07e-05	1.07e-05	
16384	1.69e-05	1.70e-05	1.76e-05	1.90e-05	1.71e-05	1.70e-05	1.79e-05	1.88e-05	
32768	3.16e-05	3.21e-05	3.35e-05	3.24e-05	3.32e-05	3.28e-05	3.30e-05	3.31e-05	
65536	6.36e-05	6.36e-05	6.37e-05	6.36e-05	6.39e-05	6.37e-05	6.37e-05	6.39e-05	
Pingpong for
master:  0, 1, 2, 3, 4, 5, 6, 7
partner: 8, 9, 10, 11, 12, 13, 14, 15
1	1.25e-06	1.28e-06	1.29e-06	1.30e-06	1.30e-06	1.30e-06	1.30e-06	1.30e-06	
2	1.26e-06	1.30e-06	1.30e-06	1.31e-06	1.31e-06	1.32e-06	1.31e-06	1.31e-06	
4	1.67e-06	1.69e-06	1.72e-06	1.74e-06	1.75e-06	1.75e-06	1.75e-06	1.76e-06	
8	1.78e-06	1.80e-06	1.85e-06	1.91e-06	1.92e-06	1.88e-06	1.85e-06	1.84e-06	
16	2.12e-06	2.15e-06	2.18e-06	2.22e-06	2.22e-06	2.22e-06	2.22e-06	2.22e-06	
32	2.18e-06	2.21e-06	2.25e-06	2.29e-06	2.29e-06	2.29e-06	2.29e-06	2.30e-06	
64	2.25e-06	2.34e-06	2.47e-06	2.69e-06	2.69e-06	2.68e-06	2.69e-06	2.69e-06	
128	2.67e-06	2.89e-06	3.17e-06	3.63e-06	3.61e-06	3.61e-06	3.62e-06	3.63e-06	
256	3.67e-06	4.03e-06	4.46e-06	4.84e-06	4.86e-06	4.87e-06	4.85e-06	4.87e-06	
512	4.70e-06	5.23e-06	6.30e-06	7.25e-06	7.26e-06	7.25e-06	7.27e-06	7.29e-06	
1024	7.30e-06	8.23e-06	9.92e-06	1.17e-05	1.17e-05	1.17e-05	1.18e-05	1.18e-05	
2048	4.94e-06	6.93e-06	6.95e-06	6.97e-06	6.97e-06	6.97e-06	7.11e-06	7.13e-06	
4096	7.12e-06	7.71e-06	7.77e-06	7.86e-06	7.88e-06	7.86e-06	8.03e-06	8.07e-06	
8192	1.11e-05	1.11e-05	1.12e-05	1.15e-05	1.15e-05	1.15e-05	1.16e-05	1.16e-05	
16384	1.97e-05	1.93e-05	1.92e-05	1.93e-05	2.01e-05	2.06e-05	1.99e-05	1.94e-05	
32768	3.66e-05	3.54e-05	3.56e-05	3.78e-05	3.59e-05	3.75e-05	3.63e-05	3.74e-05	
65536	7.14e-05	6.89e-05	6.98e-05	7.18e-05	7.18e-05	7.17e-05	7.17e-05	7.19e-05	
Pingpong for
master:  0, 2, 4, 6, 8, 10, 12, 14
partner: 1, 3, 5, 7, 9, 11, 13, 15
1	9.38e-07	9.52e-07	9.53e-07	9.63e-07	9.79e-07	1.15e-06	1.15e-06	1.16e-06	
2	9.50e-07	9.82e-07	9.80e-07	9.85e-07	9.94e-07	1.17e-06	1.17e-06	1.17e-06	
4	1.48e-06	1.43e-06	1.45e-06	1.44e-06	1.45e-06	1.53e-06	1.53e-06	1.53e-06	
8	1.47e-06	1.48e-06	1.49e-06	1.48e-06	1.48e-06	1.49e-06	1.49e-06	1.50e-06	
16	1.48e-06	1.49e-06	1.49e-06	1.50e-06	1.50e-06	1.51e-06	1.51e-06	1.52e-06	
32	1.52e-06	1.53e-06	1.54e-06	1.54e-06	1.54e-06	1.55e-06	1.55e-06	1.55e-06	
64	1.57e-06	1.60e-06	1.64e-06	1.67e-06	1.68e-06	1.69e-06	1.71e-06	1.71e-06	
128	1.82e-06	1.85e-06	1.86e-06	1.88e-06	1.89e-06	1.98e-06	1.99e-06	2.00e-06	
256	2.42e-06	2.63e-06	2.64e-06	2.71e-06	2.74e-06	2.84e-06	2.87e-06	2.91e-06	
512	3.30e-06	3.52e-06	3.56e-06	3.64e-06	3.68e-06	3.88e-06	3.92e-06	3.98e-06	
1024	5.28e-06	5.52e-06	5.59e-06	5.71e-06	5.80e-06	6.05e-06	6.13e-06	6.26e-06	
2048	4.11e-06	6.01e-06	6.01e-06	6.15e-06	6.16e-06	6.19e-06	6.19e-06	6.29e-06	
4096	6.11e-06	7.03e-06	7.03e-06	7.27e-06	7.27e-06	7.27e-06	7.30e-06	7.28e-06	
8192	9.68e-06	1.05e-05	1.04e-05	1.07e-05	1.07e-05	1.07e-05	1.07e-05	1.07e-05	
16384	1.70e-05	1.69e-05	1.70e-05	1.91e-05	1.74e-05	1.71e-05	1.72e-05	1.94e-05	
32768	3.15e-05	3.20e-05	3.38e-05	3.23e-05	3.33e-05	3.27e-05	3.31e-05	3.30e-05	
65536	6.40e-05	6.39e-05	6.38e-05	6.37e-05	6.40e-05	6.39e-05	6.39e-05	6.38e-05	
Pingpong for
master:  0, 1, 2, 3, 4, 5, 6, 7
partner: 8, 9, 10, 11, 12, 13, 14, 15
1	1.26e-06	1.30e-06	1.31e-06	1.32e-06	1.32e-06	1.32e-06	1.32e-06	1.32e-06	
2	1.27e-06	1.31e-06	1.32e-06	1.33e-06	1.33e-06	1.33e-06	1.33e-06	1.33e-06	
4	1.66e-06	1.68e-06	1.69e-06	1.73e-06	1.73e-06	1.74e-06	1.74e-06	1.76e-06	
8	1.79e-06	1.81e-06	1.83e-06	1.85e-06	1.85e-06	1.85e-06	1.85e-06	1.86e-06	
16	2.13e-06	2.17e-06	2.19e-06	2.22e-06	2.22e-06	2.23e-06	2.23e-06	2.25e-06	
32	2.19e-06	2.22e-06	2.25e-06	2.30e-06	2.30e-06	2.30e-06	2.30e-06	2.31e-06	
64	2.28e-06	2.45e-06	2.56e-06	2.68e-06	2.68e-06	2.69e-06	2.68e-06	2.70e-06	
128	2.94e-06	3.15e-06	3.40e-06	3.67e-06	3.68e-06	3.68e-06	3.67e-06	3.69e-06	
256	3.54e-06	3.91e-06	4.36e-06	4.75e-06	4.76e-06	4.76e-06	4.77e-06	4.77e-06	
512	4.57e-06	5.07e-06	6.24e-06	7.19e-06	7.20e-06	7.20e-06	7.21e-06	7.24e-06	
1024	7.32e-06	8.28e-06	9.91e-06	1.17e-05	1.17e-05	1.17e-05	1.18e-05	1.18e-05	
2048	4.95e-06	6.96e-06	7.01e-06	7.03e-06	7.03e-06	7.03e-06	7.03e-06	7.03e-06	
4096	7.09e-06	7.71e-06	8.22e-06	8.30e-06	8.30e-06	8.30e-06	8.30e-06	8.32e-06	
8192	1.11e-05	1.11e-05	1.16e-05	1.18e-05	1.18e-05	1.18e-05	1.18e-05	1.19e-05	
16384	1.98e-05	1.92e-05	1.93e-05	1.93e-05	1.99e-05	2.11e-05	1.96e-05	1.93e-05	
32768	3.67e-05	3.57e-05	3.56e-05	3.79e-05	3.62e-05	3.79e-05	3.66e-05	3.76e-05	
65536	7.19e-05	6.91e-05	7.04e-05	7.20e-05	7.20e-05	7.20e-05	7.20e-05	7.21e-05	
Pingpong for
master:  0, 2, 4, 6, 8, 10, 12, 14
partner: 1, 3, 5, 7, 9, 11, 13, 15
1	9.30e-07	9.54e-07	9.54e-07	9.61e-07	9.68e-07	1.16e-06	1.16e-06	1.16e-06	
2	9.48e-07	9.67e-07	9.68e-07	9.82e-07	9.88e-07	1.17e-06	1.17e-06	1.17e-06	
4	1.46e-06	1.43e-06	1.44e-06	1.43e-06	1.44e-06	1.46e-06	1.46e-06	1.47e-06	
8	1.46e-06	1.47e-06	1.47e-06	1.49e-06	1.49e-06	1.50e-06	1.49e-06	1.50e-06	
16	1.48e-06	1.49e-06	1.49e-06	1.50e-06	1.50e-06	1.51e-06	1.51e-06	1.51e-06	
32	1.50e-06	1.52e-06	1.53e-06	1.53e-06	1.53e-06	1.53e-06	1.54e-06	1.54e-06	
64	1.58e-06	1.61e-06	1.63e-06	1.66e-06	1.66e-06	1.69e-06	1.71e-06	1.70e-06	
128	1.80e-06	1.84e-06	1.85e-06	1.88e-06	1.89e-06	1.98e-06	1.98e-06	2.00e-06	
256	2.44e-06	2.65e-06	2.65e-06	2.69e-06	2.73e-06	2.86e-06	2.87e-06	2.92e-06	
512	3.29e-06	3.51e-06	3.54e-06	3.63e-06	3.67e-06	3.87e-06	3.91e-06	3.98e-06	
1024	5.28e-06	5.53e-06	5.58e-06	5.73e-06	5.81e-06	6.06e-06	6.14e-06	6.26e-06	
2048	4.06e-06	5.90e-06	5.92e-06	6.10e-06	6.09e-06	6.19e-06	6.20e-06	6.34e-06	
4096	6.08e-06	7.02e-06	7.03e-06	7.08e-06	7.09e-06	7.49e-06	7.49e-06	7.50e-06	
8192	9.65e-06	1.05e-05	1.04e-05	1.05e-05	1.05e-05	1.09e-05	1.09e-05	1.09e-05	
16384	1.69e-05	1.70e-05	1.69e-05	1.91e-05	1.74e-05	1.72e-05	1.72e-05	1.95e-05	
32768	3.15e-05	3.19e-05	3.36e-05	3.22e-05	3.33e-05	3.25e-05	3.31e-05	3.30e-05	
65536	6.37e-05	6.39e-05	6.37e-05	6.39e-05	6.37e-05	6.39e-05	6.40e-05	6.39e-05	
