Pingpong for
master:  0
partner: 256
1	4.02e-06	
2	3.94e-06	
4	4.01e-06	
8	4.01e-06	
16	4.01e-06	
32	4.12e-06	
64	4.20e-06	
128	1.14e-05	
256	1.51e-05	
512	1.60e-05	
1024	1.82e-05	
2048	1.88e-05	
4096	2.28e-05	
8192	3.20e-05	
16384	4.99e-05	
32768	8.45e-05	
65536	1.55e-04	
Pingpong for
master:  0
partner: 2784
1	3.96e-06	
2	3.88e-06	
4	3.93e-06	
8	3.96e-06	
16	3.94e-06	
32	4.02e-06	
64	4.17e-06	
128	1.12e-05	
256	1.48e-05	
512	1.58e-05	
1024	1.80e-05	
2048	1.82e-05	
4096	2.24e-05	
8192	3.15e-05	
16384	4.94e-05	
32768	8.37e-05	
65536	1.55e-04	
Pingpong for
master:  0
partner: 32
1	3.89e-06	
2	3.88e-06	
4	3.94e-06	
8	3.96e-06	
16	3.95e-06	
32	4.02e-06	
64	4.08e-06	
128	1.12e-05	
256	1.48e-05	
512	1.58e-05	
1024	1.80e-05	
2048	1.77e-05	
4096	2.10e-05	
8192	2.79e-05	
16384	4.34e-05	
32768	7.09e-05	
65536	1.29e-04	
Pingpong for
master:  0
partner: 16
1	3.61e-06	
2	3.60e-06	
4	3.67e-06	
8	3.75e-06	
16	3.68e-06	
32	3.78e-06	
64	3.87e-06	
128	1.06e-05	
256	1.42e-05	
512	1.52e-05	
1024	1.75e-05	
2048	1.78e-05	
4096	2.19e-05	
8192	3.11e-05	
16384	5.65e-05	
32768	8.34e-05	
65536	1.54e-04	
Pingpong for
master:  0
partner: 256
1	4.03e-06	
2	3.91e-06	
4	3.97e-06	
8	3.96e-06	
16	4.01e-06	
32	4.09e-06	
64	4.19e-06	
128	1.14e-05	
256	1.52e-05	
512	1.62e-05	
1024	1.84e-05	
2048	1.82e-05	
4096	2.12e-05	
8192	2.85e-05	
16384	4.18e-05	
32768	6.89e-05	
65536	1.23e-04	
Pingpong for
master:  0
partner: 2976
1	3.84e-06	
2	3.79e-06	
4	3.85e-06	
8	3.87e-06	
16	3.86e-06	
32	3.96e-06	
64	4.06e-06	
128	1.12e-05	
256	1.48e-05	
512	1.59e-05	
1024	1.81e-05	
2048	1.70e-05	
4096	1.94e-05	
8192	2.46e-05	
16384	3.57e-05	
32768	5.89e-05	
65536	1.01e-04	
Pingpong for
master:  0
partner: 32
1	4.00e-06	
2	3.85e-06	
4	3.88e-06	
8	3.96e-06	
16	3.94e-06	
32	4.03e-06	
64	4.24e-06	
128	1.12e-05	
256	1.49e-05	
512	1.60e-05	
1024	1.83e-05	
2048	1.85e-05	
4096	2.26e-05	
8192	3.19e-05	
16384	4.93e-05	
32768	8.42e-05	
65536	1.55e-04	
Pingpong for
master:  0
partner: 16
1	3.61e-06	
2	3.59e-06	
4	3.65e-06	
8	3.72e-06	
16	3.70e-06	
32	3.76e-06	
64	3.86e-06	
128	1.06e-05	
256	1.43e-05	
512	1.54e-05	
1024	1.77e-05	
2048	1.71e-05	
4096	2.01e-05	
8192	2.73e-05	
16384	4.11e-05	
32768	6.78e-05	
65536	1.25e-04	
Pingpong for
master:  0
partner: 256
1	3.98e-06	
2	3.95e-06	
4	3.99e-06	
8	3.99e-06	
16	3.97e-06	
32	4.08e-06	
64	4.17e-06	
128	1.14e-05	
256	1.50e-05	
512	1.60e-05	
1024	1.83e-05	
2048	1.80e-05	
4096	2.10e-05	
8192	2.81e-05	
16384	4.13e-05	
32768	6.87e-05	
65536	1.24e-04	
Pingpong for
master:  0
partner: 2784
1	3.89e-06	
2	3.81e-06	
4	3.86e-06	
8	3.91e-06	
16	3.93e-06	
32	4.02e-06	
64	4.16e-06	
128	1.11e-05	
256	1.48e-05	
512	1.58e-05	
1024	1.81e-05	
2048	1.82e-05	
4096	2.05e-05	
8192	2.77e-05	
16384	4.21e-05	
32768	6.89e-05	
65536	1.24e-04	
Pingpong for
master:  0
partner: 32
1	3.86e-06	
2	3.86e-06	
4	3.89e-06	
8	3.98e-06	
16	3.95e-06	
32	4.02e-06	
64	4.14e-06	
128	1.12e-05	
256	1.48e-05	
512	1.58e-05	
1024	1.81e-05	
2048	1.77e-05	
4096	2.11e-05	
8192	2.78e-05	
16384	4.19e-05	
32768	6.91e-05	
65536	1.28e-04	
Pingpong for
master:  0
partner: 16
1	3.63e-06	
2	3.65e-06	
4	3.69e-06	
8	3.71e-06	
16	3.68e-06	
32	3.78e-06	
64	3.85e-06	
128	1.05e-05	
256	1.42e-05	
512	1.51e-05	
1024	1.75e-05	
2048	1.81e-05	
4096	2.20e-05	
8192	3.11e-05	
16384	4.84e-05	
32768	8.35e-05	
65536	1.55e-04	
