Pingpong for
master:  0, 1, 2, 3, 4, 5, 6, 7, 8, 9, 10, 11, 12, 13, 14, 15
partner: 384, 385, 386, 387, 388, 389, 390, 391, 392, 393, 394, 395, 396, 397, 398, 399
1	4.06e-06	4.33e-06	4.30e-06	4.40e-06	4.37e-06	4.47e-06	4.41e-06	4.54e-06	4.62e-06	4.96e-06	4.90e-06	5.06e-06	4.98e-06	5.09e-06	5.00e-06	5.16e-06	
2	3.99e-06	4.27e-06	4.31e-06	4.33e-06	4.38e-06	4.41e-06	4.42e-06	4.47e-06	4.54e-06	4.86e-06	4.93e-06	4.97e-06	4.98e-06	5.01e-06	5.02e-06	5.06e-06	
4	4.04e-06	4.33e-06	4.37e-06	4.41e-06	4.42e-06	4.48e-06	4.50e-06	4.52e-06	4.61e-06	4.92e-06	4.98e-06	5.04e-06	5.04e-06	5.06e-06	5.08e-06	5.13e-06	
8	4.08e-06	4.39e-06	4.44e-06	4.47e-06	4.51e-06	4.53e-06	4.57e-06	4.60e-06	4.69e-06	5.01e-06	5.06e-06	5.11e-06	5.11e-06	5.15e-06	5.18e-06	5.21e-06	
16	4.08e-06	4.39e-06	4.43e-06	4.47e-06	4.50e-06	4.51e-06	4.56e-06	4.59e-06	4.67e-06	5.02e-06	5.07e-06	5.13e-06	5.14e-06	5.17e-06	5.21e-06	5.24e-06	
32	4.22e-06	4.54e-06	4.57e-06	4.60e-06	4.67e-06	4.67e-06	4.73e-06	4.74e-06	4.82e-06	5.13e-06	5.19e-06	5.24e-06	5.26e-06	5.31e-06	5.33e-06	5.39e-06	
64	4.30e-06	4.60e-06	4.66e-06	4.81e-06	4.72e-06	4.76e-06	4.81e-06	4.85e-06	4.91e-06	5.27e-06	5.34e-06	5.41e-06	5.46e-06	5.51e-06	5.52e-06	5.60e-06	
128	1.15e-05	1.29e-05	1.30e-05	1.33e-05	1.34e-05	1.36e-05	1.38e-05	1.39e-05	1.40e-05	1.53e-05	1.53e-05	1.56e-05	1.57e-05	1.57e-05	1.58e-05	1.59e-05	
256	1.46e-05	1.61e-05	1.71e-05	1.75e-05	1.77e-05	1.79e-05	1.80e-05	1.81e-05	1.83e-05	1.90e-05	1.91e-05	1.93e-05	1.94e-05	1.96e-05	1.97e-05	1.98e-05	
512	1.57e-05	1.74e-05	1.85e-05	1.93e-05	1.96e-05	2.00e-05	2.01e-05	2.05e-05	2.08e-05	2.14e-05	2.15e-05	2.18e-05	2.19e-05	2.21e-05	2.23e-05	2.26e-05	
1024	1.81e-05	2.00e-05	2.14e-05	2.24e-05	2.31e-05	2.39e-05	2.43e-05	2.53e-05	2.59e-05	2.63e-05	2.67e-05	2.74e-05	2.77e-05	2.81e-05	2.88e-05	2.99e-05	
2048	1.76e-05	1.91e-05	2.09e-05	2.22e-05	2.30e-05	2.41e-05	2.48e-05	2.57e-05	2.72e-05	2.98e-05	3.27e-05	3.59e-05	3.91e-05	4.24e-05	4.58e-05	4.88e-05	
4096	2.07e-05	2.42e-05	2.62e-05	2.83e-05	2.98e-05	3.30e-05	3.79e-05	4.30e-05	4.91e-05	5.48e-05	5.94e-05	6.47e-05	7.14e-05	7.80e-05	8.42e-05	9.10e-05	
8192	2.80e-05	3.40e-05	3.74e-05	4.14e-05	5.11e-05	6.27e-05	7.40e-05	8.37e-05	9.37e-05	1.05e-04	1.16e-04	1.27e-04	1.40e-04	1.53e-04	1.63e-04	1.75e-04	
16384	4.18e-05	5.31e-05	6.20e-05	8.07e-05	1.04e-04	1.27e-04	1.45e-04	1.67e-04	1.90e-04	2.00e-04	2.24e-04	2.44e-04	2.67e-04	2.91e-04	3.15e-04	3.36e-04	
32768	6.93e-05	9.07e-05	1.23e-04	1.66e-04	2.08e-04	2.43e-04	2.87e-04	3.27e-04	3.55e-04	3.99e-04	4.36e-04	4.80e-04	5.25e-04	5.71e-04	6.23e-04	6.56e-04	
65536	1.24e-04	1.87e-04	2.39e-04	3.23e-04	4.05e-04	4.77e-04	5.60e-04	6.33e-04	7.09e-04	7.78e-04	8.64e-04	9.49e-04	1.05e-03	1.13e-03	1.22e-03	1.30e-03	
Pingpong for
master:  0, 1, 2, 3, 4, 5, 6, 7, 8, 9, 10, 11, 12, 13, 14, 15
partner: 4064, 4065, 4066, 4067, 4068, 4069, 4070, 4071, 4072, 4073, 4074, 4075, 4076, 4077, 4078, 4079
1	3.83e-06	4.32e-06	4.16e-06	4.38e-06	4.23e-06	4.43e-06	4.28e-06	4.51e-06	4.68e-06	4.93e-06	4.77e-06	5.05e-06	4.86e-06	5.05e-06	4.87e-06	5.11e-06	
2	3.80e-06	4.13e-06	4.17e-06	4.21e-06	4.23e-06	4.27e-06	4.29e-06	4.33e-06	4.41e-06	4.72e-06	4.78e-06	4.85e-06	4.85e-06	4.89e-06	4.89e-06	4.93e-06	
4	3.91e-06	4.22e-06	4.24e-06	4.28e-06	4.30e-06	4.34e-06	4.36e-06	4.41e-06	4.48e-06	4.80e-06	4.85e-06	4.90e-06	4.93e-06	4.95e-06	4.95e-06	5.00e-06	
8	3.94e-06	4.23e-06	4.27e-06	4.32e-06	4.36e-06	4.39e-06	4.41e-06	4.45e-06	4.53e-06	4.86e-06	4.93e-06	4.96e-06	4.99e-06	5.00e-06	5.09e-06	5.15e-06	
16	3.97e-06	4.24e-06	4.27e-06	4.32e-06	4.35e-06	4.39e-06	4.40e-06	4.44e-06	4.55e-06	4.85e-06	4.93e-06	5.05e-06	5.06e-06	5.08e-06	5.12e-06	5.15e-06	
32	4.05e-06	4.33e-06	4.36e-06	4.41e-06	4.44e-06	4.47e-06	4.50e-06	4.53e-06	4.67e-06	4.97e-06	5.03e-06	5.08e-06	5.12e-06	5.15e-06	5.20e-06	5.23e-06	
64	4.14e-06	4.46e-06	4.48e-06	4.52e-06	4.58e-06	4.63e-06	4.67e-06	4.72e-06	4.83e-06	5.13e-06	5.20e-06	5.25e-06	5.29e-06	5.36e-06	5.40e-06	5.44e-06	
128	1.12e-05	1.27e-05	1.28e-05	1.29e-05	1.30e-05	1.33e-05	1.35e-05	1.36e-05	1.37e-05	1.49e-05	1.50e-05	1.51e-05	1.52e-05	1.53e-05	1.54e-05	1.55e-05	
256	1.42e-05	1.57e-05	1.66e-05	1.70e-05	1.73e-05	1.74e-05	1.76e-05	1.77e-05	1.79e-05	1.85e-05	1.86e-05	1.89e-05	1.90e-05	1.91e-05	1.92e-05	1.93e-05	
512	1.53e-05	1.69e-05	1.80e-05	1.87e-05	1.90e-05	1.94e-05	1.96e-05	1.99e-05	2.02e-05	2.07e-05	2.08e-05	2.12e-05	2.13e-05	2.17e-05	2.19e-05	2.21e-05	
1024	1.76e-05	1.95e-05	2.07e-05	2.16e-05	2.24e-05	2.32e-05	2.38e-05	2.44e-05	2.48e-05	2.54e-05	2.58e-05	2.64e-05	2.69e-05	2.76e-05	2.84e-05	2.97e-05	
2048	1.73e-05	1.85e-05	1.98e-05	2.07e-05	2.17e-05	2.27e-05	2.35e-05	2.46e-05	2.70e-05	2.99e-05	3.30e-05	3.62e-05	3.94e-05	4.29e-05	4.60e-05	4.90e-05	
4096	2.04e-05	2.31e-05	2.48e-05	2.64e-05	2.82e-05	3.28e-05	3.78e-05	4.33e-05	4.95e-05	5.47e-05	6.06e-05	6.63e-05	7.27e-05	7.88e-05	8.44e-05	9.15e-05	
8192	2.78e-05	3.21e-05	3.47e-05	4.09e-05	5.18e-05	6.26e-05	7.39e-05	8.47e-05	9.42e-05	1.05e-04	1.16e-04	1.26e-04	1.40e-04	1.51e-04	1.66e-04	1.76e-04	
16384	4.12e-05	4.76e-05	6.09e-05	8.08e-05	1.03e-04	1.27e-04	1.47e-04	1.65e-04	1.83e-04	2.03e-04	2.25e-04	2.50e-04	2.74e-04	3.00e-04	3.28e-04	3.44e-04	
32768	6.88e-05	8.20e-05	1.24e-04	1.63e-04	2.06e-04	2.46e-04	2.87e-04	3.28e-04	3.64e-04	4.05e-04	4.45e-04	4.93e-04	5.45e-04	5.89e-04	6.37e-04	6.85e-04	
65536	1.23e-04	1.62e-04	2.45e-04	3.32e-04	4.12e-04	4.87e-04	5.72e-04	6.56e-04	7.24e-04	7.99e-04	8.84e-04	9.85e-04	1.07e-03	1.16e-03	1.25e-03	1.35e-03	
Pingpong for
master:  0, 1, 2, 3, 4, 5, 6, 7, 8, 9, 10, 11, 12, 13, 14, 15
partner: 32, 33, 34, 35, 36, 37, 38, 39, 40, 41, 42, 43, 44, 45, 46, 47
1	3.84e-06	4.19e-06	4.14e-06	4.25e-06	4.21e-06	4.33e-06	4.28e-06	4.40e-06	4.49e-06	4.81e-06	4.79e-06	4.90e-06	4.85e-06	4.96e-06	4.88e-06	5.01e-06	
2	3.83e-06	4.14e-06	4.16e-06	4.20e-06	4.23e-06	4.27e-06	4.30e-06	4.32e-06	4.41e-06	4.76e-06	4.79e-06	4.84e-06	4.88e-06	4.89e-06	4.90e-06	4.95e-06	
4	3.89e-06	4.20e-06	4.22e-06	4.26e-06	4.28e-06	4.33e-06	4.38e-06	4.39e-06	4.47e-06	4.81e-06	4.85e-06	4.92e-06	4.93e-06	4.95e-06	4.97e-06	5.00e-06	
8	3.92e-06	4.26e-06	4.28e-06	4.36e-06	4.33e-06	4.39e-06	4.41e-06	4.44e-06	4.53e-06	4.87e-06	4.94e-06	5.00e-06	5.02e-06	5.10e-06	5.13e-06	5.17e-06	
16	3.95e-06	4.22e-06	4.27e-06	4.32e-06	4.34e-06	4.39e-06	4.41e-06	4.45e-06	4.63e-06	4.96e-06	5.02e-06	5.06e-06	5.08e-06	5.14e-06	5.16e-06	5.19e-06	
32	4.04e-06	4.36e-06	4.37e-06	4.43e-06	4.47e-06	4.50e-06	4.56e-06	4.59e-06	4.66e-06	5.00e-06	5.07e-06	5.10e-06	5.13e-06	5.21e-06	5.24e-06	5.27e-06	
64	4.14e-06	4.42e-06	4.45e-06	4.54e-06	4.60e-06	4.65e-06	4.69e-06	4.72e-06	4.85e-06	5.17e-06	5.23e-06	5.32e-06	5.35e-06	5.41e-06	5.44e-06	5.51e-06	
128	1.13e-05	1.27e-05	1.28e-05	1.30e-05	1.31e-05	1.36e-05	1.36e-05	1.38e-05	1.38e-05	1.50e-05	1.51e-05	1.53e-05	1.54e-05	1.55e-05	1.56e-05	1.57e-05	
256	1.44e-05	1.59e-05	1.69e-05	1.72e-05	1.75e-05	1.77e-05	1.78e-05	1.80e-05	1.81e-05	1.88e-05	1.89e-05	1.90e-05	1.92e-05	1.93e-05	1.94e-05	1.95e-05	
512	1.56e-05	1.70e-05	1.82e-05	1.90e-05	1.94e-05	1.97e-05	1.99e-05	2.01e-05	2.04e-05	2.10e-05	2.11e-05	2.14e-05	2.16e-05	2.18e-05	2.20e-05	2.24e-05	
1024	1.78e-05	1.96e-05	2.09e-05	2.20e-05	2.25e-05	2.35e-05	2.38e-05	2.46e-05	2.52e-05	2.58e-05	2.61e-05	2.68e-05	2.72e-05	2.79e-05	2.86e-05	3.00e-05	
2048	1.75e-05	1.90e-05	2.09e-05	2.22e-05	2.31e-05	2.44e-05	2.51e-05	2.60e-05	2.77e-05	3.04e-05	3.34e-05	3.66e-05	3.98e-05	4.30e-05	4.62e-05	4.93e-05	
4096	2.06e-05	2.43e-05	2.65e-05	2.87e-05	3.03e-05	3.38e-05	3.83e-05	4.36e-05	4.97e-05	5.52e-05	6.03e-05	6.59e-05	7.18e-05	7.80e-05	8.38e-05	9.07e-05	
8192	2.78e-05	3.61e-05	3.83e-05	4.22e-05	5.12e-05	6.23e-05	7.19e-05	8.28e-05	9.30e-05	1.05e-04	1.15e-04	1.26e-04	1.38e-04	1.50e-04	1.61e-04	1.74e-04	
16384	4.13e-05	5.37e-05	6.65e-05	8.18e-05	1.03e-04	1.23e-04	1.45e-04	1.64e-04	1.83e-04	2.01e-04	2.21e-04	2.41e-04	2.66e-04	2.92e-04	3.16e-04	3.36e-04	
32768	6.85e-05	9.34e-05	1.23e-04	1.62e-04	2.08e-04	2.43e-04	2.87e-04	3.21e-04	3.54e-04	3.95e-04	4.35e-04	4.83e-04	5.24e-04	5.63e-04	6.18e-04	6.63e-04	
65536	1.24e-04	1.89e-04	2.40e-04	3.16e-04	3.98e-04	4.63e-04	5.51e-04	6.26e-04	6.98e-04	7.75e-04	8.53e-04	9.42e-04	1.02e-03	1.12e-03	1.22e-03	1.30e-03	
Pingpong for
master:  0, 1, 2, 3, 4, 5, 6, 7, 8, 9, 10, 11, 12, 13, 14, 15
partner: 288, 289, 290, 291, 292, 293, 294, 295, 296, 297, 298, 299, 300, 301, 302, 303
1	3.91e-06	4.33e-06	4.24e-06	4.41e-06	4.35e-06	4.50e-06	4.41e-06	4.52e-06	4.61e-06	4.97e-06	4.93e-06	5.04e-06	5.11e-06	5.10e-06	5.07e-06	5.15e-06	
2	3.89e-06	4.22e-06	4.24e-06	4.33e-06	4.36e-06	4.41e-06	4.44e-06	4.46e-06	4.59e-06	4.86e-06	4.99e-06	4.96e-06	4.98e-06	5.00e-06	5.02e-06	5.06e-06	
4	3.98e-06	4.27e-06	4.32e-06	4.39e-06	4.42e-06	4.47e-06	4.49e-06	4.53e-06	4.61e-06	4.93e-06	4.99e-06	5.03e-06	5.04e-06	5.05e-06	5.08e-06	5.12e-06	
8	4.06e-06	4.34e-06	4.41e-06	4.45e-06	4.48e-06	4.54e-06	4.56e-06	4.61e-06	4.67e-06	5.00e-06	5.06e-06	5.09e-06	5.12e-06	5.15e-06	5.18e-06	5.20e-06	
16	4.05e-06	4.35e-06	4.39e-06	4.43e-06	4.48e-06	4.53e-06	4.59e-06	4.61e-06	4.70e-06	5.01e-06	5.08e-06	5.12e-06	5.12e-06	5.15e-06	5.17e-06	5.23e-06	
32	4.14e-06	4.48e-06	4.62e-06	4.58e-06	4.60e-06	4.66e-06	4.70e-06	4.75e-06	4.82e-06	5.13e-06	5.19e-06	5.24e-06	5.26e-06	5.32e-06	5.36e-06	5.42e-06	
64	4.24e-06	4.59e-06	4.60e-06	4.71e-06	4.73e-06	4.76e-06	4.83e-06	4.90e-06	4.97e-06	5.29e-06	5.33e-06	5.42e-06	5.45e-06	5.52e-06	5.56e-06	5.61e-06	
128	1.15e-05	1.30e-05	1.31e-05	1.33e-05	1.34e-05	1.35e-05	1.36e-05	1.38e-05	1.39e-05	1.53e-05	1.54e-05	1.55e-05	1.55e-05	1.57e-05	1.57e-05	1.59e-05	
256	1.45e-05	1.61e-05	1.70e-05	1.74e-05	1.76e-05	1.77e-05	1.79e-05	1.80e-05	1.82e-05	1.89e-05	1.90e-05	1.91e-05	1.93e-05	1.94e-05	1.94e-05	1.96e-05	
512	1.57e-05	1.73e-05	1.83e-05	1.90e-05	1.93e-05	1.94e-05	1.98e-05	2.01e-05	2.03e-05	2.10e-05	2.11e-05	2.14e-05	2.16e-05	2.19e-05	2.21e-05	2.24e-05	
1024	1.78e-05	1.99e-05	2.09e-05	2.19e-05	2.25e-05	2.32e-05	2.38e-05	2.45e-05	2.50e-05	2.56e-05	2.61e-05	2.66e-05	2.71e-05	2.80e-05	2.84e-05	2.96e-05	
2048	1.82e-05	1.97e-05	2.11e-05	2.21e-05	2.32e-05	2.41e-05	2.50e-05	2.60e-05	2.75e-05	3.00e-05	3.29e-05	3.59e-05	3.91e-05	4.23e-05	4.55e-05	4.86e-05	
4096	2.25e-05	2.48e-05	2.65e-05	2.83e-05	3.00e-05	3.30e-05	3.77e-05	4.30e-05	4.85e-05	5.42e-05	5.96e-05	6.55e-05	7.17e-05	7.77e-05	8.34e-05	8.95e-05	
8192	3.17e-05	3.47e-05	3.82e-05	4.19e-05	5.12e-05	6.20e-05	7.25e-05	8.32e-05	9.28e-05	1.03e-04	1.14e-04	1.25e-04	1.36e-04	1.49e-04	1.63e-04	1.72e-04	
16384	4.94e-05	5.44e-05	6.42e-05	8.30e-05	1.02e-04	1.24e-04	1.45e-04	1.64e-04	1.77e-04	1.99e-04	2.22e-04	2.40e-04	2.65e-04	2.87e-04	3.25e-04	3.32e-04	
32768	9.08e-05	9.40e-05	1.20e-04	1.59e-04	1.99e-04	2.54e-04	2.84e-04	3.20e-04	3.56e-04	3.91e-04	4.33e-04	4.82e-04	5.19e-04	5.69e-04	6.10e-04	6.53e-04	
65536	1.56e-04	1.72e-04	2.41e-04	3.14e-04	3.97e-04	4.73e-04	5.53e-04	6.30e-04	6.91e-04	7.86e-04	8.59e-04	9.61e-04	1.04e-03	1.12e-03	1.22e-03	1.30e-03	
Pingpong for
master:  0, 1, 2, 3, 4, 5, 6, 7, 8, 9, 10, 11, 12, 13, 14, 15
partner: 2784, 2785, 2786, 2787, 2788, 2789, 2790, 2791, 2792, 2793, 2794, 2795, 2796, 2797, 2798, 2799
1	3.83e-06	4.29e-06	4.13e-06	4.36e-06	4.24e-06	4.39e-06	4.30e-06	4.44e-06	4.61e-06	4.88e-06	4.78e-06	4.97e-06	4.84e-06	5.03e-06	4.88e-06	5.08e-06	
2	3.81e-06	4.12e-06	4.14e-06	4.19e-06	4.24e-06	4.25e-06	4.31e-06	4.32e-06	4.42e-06	4.72e-06	4.78e-06	4.83e-06	4.84e-06	4.89e-06	4.90e-06	4.92e-06	
4	3.87e-06	4.17e-06	4.18e-06	4.26e-06	4.29e-06	4.34e-06	4.36e-06	4.40e-06	4.48e-06	4.80e-06	4.88e-06	4.90e-06	4.92e-06	4.94e-06	4.97e-06	5.00e-06	
8	3.95e-06	4.22e-06	4.26e-06	4.31e-06	4.32e-06	4.38e-06	4.40e-06	4.42e-06	4.53e-06	4.85e-06	4.93e-06	4.96e-06	4.98e-06	5.02e-06	5.05e-06	5.11e-06	
16	3.93e-06	4.20e-06	4.23e-06	4.30e-06	4.32e-06	4.39e-06	4.41e-06	4.59e-06	4.55e-06	4.88e-06	4.92e-06	5.04e-06	5.08e-06	5.10e-06	5.11e-06	5.16e-06	
32	4.04e-06	4.31e-06	4.35e-06	4.41e-06	4.43e-06	4.49e-06	4.52e-06	4.55e-06	4.67e-06	4.98e-06	5.04e-06	5.08e-06	5.11e-06	5.13e-06	5.18e-06	5.23e-06	
64	4.13e-06	4.45e-06	4.45e-06	4.53e-06	4.55e-06	4.62e-06	4.63e-06	4.68e-06	4.83e-06	5.13e-06	5.20e-06	5.27e-06	5.30e-06	5.38e-06	5.42e-06	5.47e-06	
128	1.12e-05	1.27e-05	1.27e-05	1.29e-05	1.30e-05	1.31e-05	1.32e-05	1.35e-05	1.36e-05	1.48e-05	1.49e-05	1.51e-05	1.51e-05	1.52e-05	1.53e-05	1.54e-05	
256	1.43e-05	1.57e-05	1.67e-05	1.71e-05	1.73e-05	1.74e-05	1.76e-05	1.78e-05	1.79e-05	1.87e-05	1.88e-05	1.89e-05	1.90e-05	1.92e-05	1.93e-05	1.94e-05	
512	1.53e-05	1.70e-05	1.82e-05	1.88e-05	1.90e-05	1.94e-05	1.97e-05	2.00e-05	2.02e-05	2.09e-05	2.11e-05	2.13e-05	2.15e-05	2.18e-05	2.19e-05	2.22e-05	
1024	1.76e-05	1.96e-05	2.09e-05	2.19e-05	2.25e-05	2.32e-05	2.40e-05	2.47e-05	2.52e-05	2.58e-05	2.61e-05	2.68e-05	2.72e-05	2.76e-05	2.84e-05	2.97e-05	
2048	1.81e-05	1.96e-05	2.09e-05	2.17e-05	2.27e-05	2.35e-05	2.44e-05	2.55e-05	2.73e-05	3.00e-05	3.29e-05	3.60e-05	3.92e-05	4.26e-05	4.57e-05	4.86e-05	
4096	2.21e-05	2.48e-05	2.66e-05	2.81e-05	2.99e-05	3.27e-05	3.76e-05	4.34e-05	4.92e-05	5.45e-05	6.03e-05	6.59e-05	7.21e-05	7.81e-05	8.39e-05	9.09e-05	
8192	3.15e-05	3.71e-05	3.81e-05	4.17e-05	5.13e-05	6.16e-05	7.19e-05	8.35e-05	9.35e-05	1.05e-04	1.16e-04	1.28e-04	1.38e-04	1.50e-04	1.61e-04	1.76e-04	
16384	4.93e-05	5.45e-05	6.24e-05	8.05e-05	1.03e-04	1.23e-04	1.43e-04	1.68e-04	1.85e-04	2.02e-04	2.30e-04	2.50e-04	2.74e-04	2.93e-04	3.27e-04	3.42e-04	
32768	8.42e-05	9.38e-05	1.19e-04	1.62e-04	2.08e-04	2.43e-04	2.90e-04	3.27e-04	3.63e-04	4.01e-04	4.50e-04	4.88e-04	5.32e-04	5.79e-04	6.62e-04	6.76e-04	
65536	1.55e-04	1.85e-04	2.44e-04	3.23e-04	4.08e-04	4.93e-04	5.80e-04	6.56e-04	7.16e-04	7.94e-04	8.80e-04	9.90e-04	1.05e-03	1.16e-03	1.28e-03	1.34e-03	
Pingpong for
master:  0, 1, 2, 3, 4, 5, 6, 7, 8, 9, 10, 11, 12, 13, 14, 15
partner: 32, 33, 34, 35, 36, 37, 38, 39, 40, 41, 42, 43, 44, 45, 46, 47
1	3.79e-06	4.19e-06	4.13e-06	4.26e-06	4.22e-06	4.35e-06	4.29e-06	4.40e-06	4.47e-06	4.82e-06	4.79e-06	4.90e-06	4.86e-06	4.94e-06	4.88e-06	5.03e-06	
2	3.81e-06	4.12e-06	4.14e-06	4.18e-06	4.26e-06	4.28e-06	4.33e-06	4.33e-06	4.42e-06	4.75e-06	4.80e-06	4.84e-06	4.88e-06	4.89e-06	4.91e-06	4.95e-06	
4	3.88e-06	4.18e-06	4.20e-06	4.26e-06	4.30e-06	4.35e-06	4.37e-06	4.41e-06	4.49e-06	4.85e-06	4.89e-06	4.92e-06	4.95e-06	4.96e-06	4.97e-06	5.20e-06	
8	3.97e-06	4.25e-06	4.30e-06	4.35e-06	4.37e-06	4.43e-06	4.47e-06	4.48e-06	4.57e-06	4.90e-06	4.97e-06	5.01e-06	5.03e-06	5.07e-06	5.11e-06	5.18e-06	
16	3.93e-06	4.26e-06	4.28e-06	4.34e-06	4.37e-06	4.42e-06	4.46e-06	4.48e-06	4.62e-06	4.98e-06	5.02e-06	5.05e-06	5.08e-06	5.12e-06	5.14e-06	5.20e-06	
32	4.07e-06	4.35e-06	4.38e-06	4.43e-06	4.47e-06	4.51e-06	4.57e-06	4.59e-06	4.68e-06	5.00e-06	5.09e-06	5.14e-06	5.17e-06	5.20e-06	5.22e-06	5.27e-06	
64	4.11e-06	4.44e-06	4.47e-06	4.53e-06	4.58e-06	4.63e-06	4.67e-06	4.73e-06	4.85e-06	5.19e-06	5.25e-06	5.32e-06	5.34e-06	5.40e-06	5.44e-06	5.51e-06	
128	1.13e-05	1.27e-05	1.28e-05	1.30e-05	1.31e-05	1.32e-05	1.33e-05	1.34e-05	1.35e-05	1.50e-05	1.50e-05	1.52e-05	1.53e-05	1.54e-05	1.54e-05	1.57e-05	
256	1.43e-05	1.58e-05	1.66e-05	1.70e-05	1.72e-05	1.74e-05	1.75e-05	1.76e-05	1.78e-05	1.88e-05	1.89e-05	1.91e-05	1.92e-05	1.93e-05	1.94e-05	1.96e-05	
512	1.54e-05	1.69e-05	1.79e-05	1.85e-05	1.89e-05	1.93e-05	1.95e-05	1.97e-05	2.00e-05	2.10e-05	2.10e-05	2.13e-05	2.15e-05	2.19e-05	2.21e-05	2.23e-05	
1024	1.77e-05	1.97e-05	2.07e-05	2.15e-05	2.23e-05	2.32e-05	2.37e-05	2.43e-05	2.50e-05	2.59e-05	2.61e-05	2.67e-05	2.72e-05	2.78e-05	2.86e-05	2.98e-05	
2048	1.79e-05	1.94e-05	2.09e-05	2.21e-05	2.30e-05	2.42e-05	2.52e-05	2.61e-05	2.76e-05	3.02e-05	3.31e-05	3.64e-05	3.95e-05	4.28e-05	4.62e-05	4.94e-05	
4096	2.23e-05	3.45e-05	2.67e-05	2.86e-05	3.02e-05	3.29e-05	3.70e-05	4.23e-05	4.84e-05	5.75e-05	5.97e-05	6.53e-05	7.15e-05	7.82e-05	8.39e-05	9.05e-05	
8192	3.15e-05	3.53e-05	3.87e-05	4.26e-05	5.18e-05	6.26e-05	7.33e-05	8.49e-05	9.46e-05	1.07e-04	1.18e-04	1.27e-04	1.39e-04	1.54e-04	1.62e-04	1.75e-04	
16384	4.94e-05	5.49e-05	6.62e-05	8.25e-05	1.02e-04	1.20e-04	1.42e-04	1.65e-04	1.84e-04	2.02e-04	2.22e-04	2.40e-04	2.67e-04	2.90e-04	3.28e-04	3.41e-04	
32768	8.44e-05	9.47e-05	1.21e-04	1.66e-04	2.05e-04	2.44e-04	2.82e-04	3.27e-04	3.51e-04	3.93e-04	4.33e-04	4.79e-04	5.21e-04	5.64e-04	6.20e-04	6.53e-04	
65536	1.55e-04	1.77e-04	2.40e-04	3.18e-04	3.99e-04	4.62e-04	5.43e-04	6.34e-04	6.99e-04	7.76e-04	8.57e-04	9.58e-04	1.03e-03	1.12e-03	1.21e-03	1.30e-03	
Pingpong for
master:  0, 1, 2, 3, 4, 5, 6, 7, 8, 9, 10, 11, 12, 13, 14, 15
partner: 384, 385, 386, 387, 388, 389, 390, 391, 392, 393, 394, 395, 396, 397, 398, 399
1	4.00e-06	4.34e-06	4.28e-06	4.40e-06	4.35e-06	4.47e-06	4.42e-06	4.54e-06	4.61e-06	4.96e-06	4.92e-06	5.06e-06	4.97e-06	5.10e-06	5.01e-06	5.15e-06	
2	3.98e-06	4.26e-06	4.29e-06	4.33e-06	4.38e-06	4.43e-06	4.43e-06	4.46e-06	4.53e-06	4.86e-06	4.92e-06	4.99e-06	5.00e-06	5.01e-06	5.03e-06	5.06e-06	
4	4.02e-06	4.32e-06	4.38e-06	4.41e-06	4.43e-06	4.48e-06	4.51e-06	4.52e-06	4.62e-06	4.93e-06	4.98e-06	5.03e-06	5.05e-06	5.08e-06	5.09e-06	5.13e-06	
8	4.09e-06	4.37e-06	4.44e-06	4.44e-06	4.49e-06	4.54e-06	4.58e-06	4.60e-06	4.67e-06	5.02e-06	5.06e-06	5.12e-06	5.13e-06	5.16e-06	5.18e-06	5.22e-06	
16	4.10e-06	4.38e-06	4.44e-06	4.45e-06	4.50e-06	4.55e-06	4.58e-06	4.61e-06	4.68e-06	5.02e-06	5.07e-06	5.12e-06	5.14e-06	5.16e-06	5.19e-06	5.22e-06	
32	4.21e-06	4.51e-06	4.58e-06	4.60e-06	4.68e-06	4.70e-06	4.73e-06	4.80e-06	4.85e-06	5.14e-06	5.18e-06	5.26e-06	5.26e-06	5.30e-06	5.36e-06	5.40e-06	
64	4.34e-06	4.67e-06	4.69e-06	4.73e-06	4.76e-06	4.82e-06	4.89e-06	4.92e-06	5.04e-06	5.30e-06	5.35e-06	5.40e-06	5.46e-06	5.52e-06	5.54e-06	5.61e-06	
128	1.15e-05	1.29e-05	1.30e-05	1.34e-05	1.36e-05	1.37e-05	1.38e-05	1.39e-05	1.40e-05	1.53e-05	1.54e-05	1.55e-05	1.56e-05	1.57e-05	1.58e-05	1.59e-05	
256	1.45e-05	1.61e-05	1.72e-05	1.75e-05	1.78e-05	1.78e-05	1.80e-05	1.82e-05	1.84e-05	1.91e-05	1.92e-05	1.94e-05	1.94e-05	1.96e-05	1.97e-05	1.98e-05	
512	1.56e-05	1.74e-05	1.87e-05	1.93e-05	1.97e-05	2.01e-05	2.02e-05	2.06e-05	2.08e-05	2.14e-05	2.15e-05	2.18e-05	2.19e-05	2.22e-05	2.24e-05	2.26e-05	
1024	1.79e-05	2.00e-05	2.13e-05	2.24e-05	2.32e-05	2.40e-05	2.44e-05	2.51e-05	2.54e-05	2.62e-05	2.65e-05	2.71e-05	2.76e-05	2.82e-05	2.88e-05	2.99e-05	
2048	1.83e-05	1.98e-05	2.14e-05	2.25e-05	2.33e-05	2.43e-05	2.53e-05	2.63e-05	2.76e-05	3.00e-05	3.28e-05	3.60e-05	3.91e-05	4.23e-05	4.55e-05	4.88e-05	
4096	2.25e-05	2.49e-05	2.69e-05	2.86e-05	3.03e-05	3.33e-05	3.79e-05	4.29e-05	4.85e-05	5.55e-05	5.96e-05	6.54e-05	7.13e-05	7.76e-05	8.37e-05	8.92e-05	
8192	3.20e-05	3.49e-05	3.92e-05	4.27e-05	5.20e-05	6.21e-05	7.28e-05	8.32e-05	9.26e-05	1.03e-04	1.15e-04	1.25e-04	1.40e-04	1.50e-04	1.62e-04	1.73e-04	
16384	5.00e-05	5.46e-05	6.55e-05	8.19e-05	1.04e-04	1.23e-04	1.49e-04	1.64e-04	1.80e-04	2.04e-04	2.20e-04	2.41e-04	2.62e-04	2.90e-04	3.08e-04	3.29e-04	
32768	8.47e-05	9.34e-05	1.21e-04	1.65e-04	2.05e-04	2.48e-04	2.81e-04	3.15e-04	3.50e-04	3.94e-04	4.35e-04	4.74e-04	5.16e-04	5.64e-04	6.12e-04	6.61e-04	
65536	1.56e-04	1.70e-04	2.39e-04	3.20e-04	3.99e-04	4.81e-04	5.51e-04	6.32e-04	6.96e-04	7.85e-04	8.59e-04	9.45e-04	1.04e-03	1.13e-03	1.21e-03	1.30e-03	
Pingpong for
master:  0, 1, 2, 3, 4, 5, 6, 7, 8, 9, 10, 11, 12, 13, 14, 15
partner: 4064, 4065, 4066, 4067, 4068, 4069, 4070, 4071, 4072, 4073, 4074, 4075, 4076, 4077, 4078, 4079
1	3.89e-06	4.33e-06	4.16e-06	4.37e-06	4.22e-06	4.44e-06	4.29e-06	4.51e-06	4.70e-06	4.92e-06	4.81e-06	5.02e-06	4.84e-06	5.08e-06	4.89e-06	5.13e-06	
2	3.83e-06	4.12e-06	4.16e-06	4.21e-06	4.24e-06	4.25e-06	4.30e-06	4.33e-06	4.42e-06	4.75e-06	4.81e-06	4.85e-06	4.86e-06	4.89e-06	4.90e-06	4.94e-06	
4	3.89e-06	4.19e-06	4.23e-06	4.28e-06	4.27e-06	4.31e-06	4.35e-06	4.41e-06	4.48e-06	4.80e-06	4.87e-06	4.92e-06	4.93e-06	4.96e-06	4.97e-06	5.00e-06	
8	3.96e-06	4.24e-06	4.28e-06	4.32e-06	4.34e-06	4.39e-06	4.42e-06	4.45e-06	4.53e-06	4.86e-06	4.94e-06	4.98e-06	5.00e-06	5.04e-06	5.06e-06	5.10e-06	
16	3.93e-06	4.24e-06	4.27e-06	4.33e-06	4.35e-06	4.40e-06	4.42e-06	4.49e-06	4.59e-06	4.90e-06	4.97e-06	5.02e-06	5.06e-06	5.10e-06	5.12e-06	5.16e-06	
32	3.99e-06	4.35e-06	4.39e-06	4.42e-06	4.42e-06	4.47e-06	4.52e-06	4.56e-06	4.66e-06	4.98e-06	5.05e-06	5.09e-06	5.10e-06	5.14e-06	5.15e-06	5.23e-06	
64	4.09e-06	4.47e-06	4.50e-06	4.56e-06	4.57e-06	4.63e-06	4.66e-06	4.71e-06	4.84e-06	5.15e-06	5.22e-06	5.27e-06	5.32e-06	5.35e-06	5.40e-06	5.46e-06	
128	1.13e-05	1.26e-05	1.27e-05	1.31e-05	1.32e-05	1.33e-05	1.35e-05	1.36e-05	1.37e-05	1.49e-05	1.49e-05	1.51e-05	1.52e-05	1.53e-05	1.54e-05	1.56e-05	
256	1.43e-05	1.57e-05	1.67e-05	1.71e-05	1.73e-05	1.75e-05	1.77e-05	1.78e-05	1.79e-05	1.86e-05	1.87e-05	1.89e-05	1.89e-05	1.91e-05	1.92e-05	1.93e-05	
512	1.54e-05	1.70e-05	1.81e-05	1.88e-05	1.92e-05	1.94e-05	1.97e-05	1.99e-05	2.02e-05	2.10e-05	2.10e-05	2.12e-05	2.14e-05	2.17e-05	2.19e-05	2.21e-05	
1024	1.76e-05	1.96e-05	2.07e-05	2.17e-05	2.25e-05	2.32e-05	2.38e-05	2.44e-05	2.49e-05	2.56e-05	2.60e-05	2.66e-05	2.71e-05	2.78e-05	2.86e-05	2.98e-05	
2048	1.72e-05	1.86e-05	1.99e-05	2.10e-05	2.19e-05	2.29e-05	2.36e-05	2.45e-05	2.62e-05	2.88e-05	3.18e-05	3.49e-05	3.82e-05	4.15e-05	4.47e-05	4.76e-05	
4096	2.04e-05	2.27e-05	2.47e-05	2.65e-05	2.80e-05	3.10e-05	3.57e-05	4.09e-05	4.70e-05	5.22e-05	5.80e-05	6.38e-05	6.98e-05	7.57e-05	8.17e-05	8.80e-05	
8192	2.76e-05	3.44e-05	3.48e-05	3.89e-05	4.78e-05	5.78e-05	6.84e-05	7.90e-05	8.87e-05	1.00e-04	1.11e-04	1.22e-04	1.35e-04	1.47e-04	1.59e-04	1.71e-04	
16384	4.12e-05	4.77e-05	5.65e-05	7.32e-05	9.37e-05	1.14e-04	1.34e-04	1.56e-04	1.75e-04	1.96e-04	2.18e-04	2.38e-04	2.62e-04	2.87e-04	3.12e-04	3.31e-04	
32768	6.86e-05	8.00e-05	1.05e-04	1.44e-04	1.85e-04	2.22e-04	2.69e-04	3.11e-04	3.45e-04	3.84e-04	4.30e-04	4.88e-04	5.19e-04	5.65e-04	6.15e-04	6.62e-04	
65536	1.23e-04	1.42e-04	2.07e-04	2.87e-04	3.70e-04	4.50e-04	5.33e-04	6.11e-04	6.86e-04	7.66e-04	8.75e-04	9.45e-04	1.05e-03	1.13e-03	1.22e-03	1.29e-03	
Pingpong for
master:  0, 1, 2, 3, 4, 5, 6, 7, 8, 9, 10, 11, 12, 13, 14, 15
partner: 32, 33, 34, 35, 36, 37, 38, 39, 40, 41, 42, 43, 44, 45, 46, 47
1	3.80e-06	4.20e-06	4.15e-06	4.27e-06	4.19e-06	4.35e-06	4.27e-06	4.40e-06	4.48e-06	4.82e-06	4.81e-06	4.93e-06	4.86e-06	4.96e-06	4.90e-06	5.01e-06	
2	3.86e-06	4.13e-06	4.16e-06	4.19e-06	4.24e-06	4.29e-06	4.30e-06	4.35e-06	4.42e-06	4.75e-06	4.82e-06	4.86e-06	4.88e-06	4.90e-06	4.92e-06	4.95e-06	
4	3.91e-06	4.19e-06	4.21e-06	4.25e-06	4.29e-06	4.34e-06	4.35e-06	4.40e-06	4.48e-06	4.81e-06	4.87e-06	4.92e-06	4.95e-06	4.97e-06	4.97e-06	5.01e-06	
8	3.94e-06	4.25e-06	4.27e-06	4.35e-06	4.38e-06	4.46e-06	4.47e-06	4.51e-06	4.58e-06	4.88e-06	4.94e-06	5.01e-06	5.03e-06	5.07e-06	5.10e-06	5.16e-06	
16	3.98e-06	4.29e-06	4.32e-06	4.37e-06	4.41e-06	4.43e-06	4.48e-06	4.51e-06	4.63e-06	4.97e-06	5.02e-06	5.09e-06	5.11e-06	5.14e-06	5.16e-06	5.18e-06	
32	3.99e-06	4.33e-06	4.36e-06	4.40e-06	4.44e-06	4.50e-06	4.54e-06	4.57e-06	4.67e-06	4.98e-06	5.02e-06	5.09e-06	5.13e-06	5.19e-06	5.24e-06	5.27e-06	
64	4.14e-06	4.46e-06	4.50e-06	4.56e-06	4.58e-06	4.65e-06	4.70e-06	4.76e-06	4.89e-06	5.18e-06	5.23e-06	5.33e-06	5.35e-06	5.41e-06	5.44e-06	5.49e-06	
128	1.13e-05	1.27e-05	1.28e-05	1.31e-05	1.33e-05	1.34e-05	1.35e-05	1.37e-05	1.38e-05	1.50e-05	1.51e-05	1.52e-05	1.54e-05	1.55e-05	1.55e-05	1.57e-05	
256	1.44e-05	1.60e-05	1.69e-05	1.72e-05	1.74e-05	1.77e-05	1.78e-05	1.79e-05	1.81e-05	1.88e-05	1.89e-05	1.90e-05	1.92e-05	1.93e-05	1.94e-05	1.95e-05	
512	1.55e-05	1.71e-05	1.83e-05	1.90e-05	1.93e-05	1.96e-05	1.98e-05	2.01e-05	2.05e-05	2.11e-05	2.13e-05	2.15e-05	2.16e-05	2.18e-05	2.21e-05	2.23e-05	
1024	1.78e-05	1.96e-05	2.08e-05	2.19e-05	2.25e-05	2.34e-05	2.39e-05	2.47e-05	2.52e-05	2.62e-05	2.65e-05	2.70e-05	2.72e-05	2.79e-05	2.87e-05	3.00e-05	
2048	1.74e-05	1.90e-05	2.08e-05	2.21e-05	2.29e-05	2.41e-05	2.50e-05	2.60e-05	2.75e-05	3.04e-05	3.35e-05	3.67e-05	3.99e-05	4.31e-05	4.64e-05	4.93e-05	
4096	2.05e-05	2.47e-05	2.62e-05	2.87e-05	3.00e-05	3.37e-05	3.85e-05	4.36e-05	4.97e-05	5.52e-05	6.07e-05	6.64e-05	7.26e-05	7.89e-05	8.46e-05	9.14e-05	
8192	2.79e-05	3.55e-05	3.91e-05	4.31e-05	5.30e-05	6.30e-05	7.33e-05	8.39e-05	9.42e-05	1.06e-04	1.17e-04	1.25e-04	1.39e-04	1.53e-04	1.63e-04	1.75e-04	
16384	4.11e-05	5.33e-05	6.47e-05	8.28e-05	1.03e-04	1.26e-04	1.46e-04	1.65e-04	1.81e-04	2.08e-04	2.26e-04	2.48e-04	2.69e-04	2.91e-04	3.18e-04	3.40e-04	
32768	6.82e-05	9.44e-05	1.24e-04	1.66e-04	2.05e-04	2.47e-04	2.81e-04	3.21e-04	3.59e-04	4.06e-04	4.45e-04	4.88e-04	5.28e-04	5.69e-04	6.26e-04	6.62e-04	
65536	1.24e-04	1.89e-04	2.43e-04	3.26e-04	4.05e-04	4.74e-04	5.66e-04	6.38e-04	7.08e-04	7.90e-04	8.73e-04	9.81e-04	1.04e-03	1.14e-03	1.26e-03	1.32e-03	

