----------------------------------------
Begin Torque Prologue on nid25427
at Thu Mar  1 15:14:43 CST 2018
Job Id:			8259544.bw
Username:		bienz
Group:			ILL_bahx
Job name:		nodecomm_ppn2
Requested resources:	neednodes=512:ppn=32:xe,nodes=512:ppn=32:xe,walltime=00:15:00
Queue:			normal
Account:		bahx
End Torque Prologue:  0.090 elapsed
----------------------------------------




Pingpong for
master:  0, 1
partner: 256, 257
1	3.26e-06	3.58e-06	
2	3.22e-06	3.56e-06	
4	3.30e-06	3.55e-06	
8	3.35e-06	3.66e-06	
16	3.36e-06	3.64e-06	
32	3.41e-06	3.78e-06	
64	3.63e-06	3.90e-06	
128	1.09e-05	1.19e-05	
256	1.46e-05	1.57e-05	
512	1.55e-05	1.71e-05	
1024	1.78e-05	1.99e-05	
2048	1.74e-05	1.93e-05	
4096	2.04e-05	2.36e-05	
8192	2.76e-05	3.36e-05	
16384	4.15e-05	5.33e-05	
32768	6.81e-05	9.44e-05	
65536	1.23e-04	1.87e-04	
Pingpong for
master:  0, 1
partner: 2976, 2977
1	3.18e-06	3.57e-06	
2	3.14e-06	3.38e-06	
4	3.17e-06	3.45e-06	
8	3.33e-06	3.55e-06	
16	3.26e-06	3.53e-06	
32	3.38e-06	3.61e-06	
64	3.47e-06	3.77e-06	
128	1.06e-05	1.17e-05	
256	1.41e-05	1.54e-05	
512	1.53e-05	1.68e-05	
1024	1.75e-05	1.97e-05	
2048	1.76e-05	1.93e-05	
4096	2.17e-05	2.46e-05	
8192	3.15e-05	3.48e-05	
16384	4.89e-05	6.20e-05	
32768	8.35e-05	9.19e-05	
65536	1.54e-04	1.68e-04	
Pingpong for
master:  0, 1
partner: 32, 33
1	3.13e-06	3.55e-06	
2	3.12e-06	3.45e-06	
4	3.20e-06	3.53e-06	
8	3.30e-06	3.61e-06	
16	3.31e-06	3.66e-06	
32	3.40e-06	3.67e-06	
64	3.52e-06	3.83e-06	
128	1.08e-05	1.17e-05	
256	1.42e-05	1.56e-05	
512	1.54e-05	1.69e-05	
1024	1.76e-05	1.97e-05	
2048	1.71e-05	1.89e-05	
4096	2.03e-05	2.37e-05	
8192	2.79e-05	3.42e-05	
16384	4.13e-05	5.31e-05	
32768	6.80e-05	9.62e-05	
65536	1.23e-04	1.95e-04	
Pingpong for
master:  0, 1
partner: 16, 17
1	3.03e-06	3.28e-06	
2	2.96e-06	3.22e-06	
4	3.04e-06	3.26e-06	
8	3.10e-06	3.33e-06	
16	3.14e-06	3.39e-06	
32	3.16e-06	3.44e-06	
64	3.32e-06	3.58e-06	
128	1.01e-05	1.12e-05	
256	1.37e-05	1.51e-05	
512	1.48e-05	1.63e-05	
1024	1.70e-05	1.91e-05	
2048	1.71e-05	1.88e-05	
4096	2.12e-05	2.41e-05	
8192	3.03e-05	3.37e-05	
16384	4.81e-05	5.43e-05	
32768	8.34e-05	9.30e-05	
65536	1.57e-04	1.70e-04	
Application 65332239 resources: utime ~108207s, stime ~4328s, Rss ~23124, inblocks ~5123832, outblocks ~8400411
