----------------------------------------
Begin Torque Prologue on nid25359
at Thu Mar  1 15:26:49 CST 2018
Job Id:			8259546.bw
Username:		bienz
Group:			ILL_bahx
Job name:		nodecomm_ppn2
Requested resources:	neednodes=512:ppn=32:xe,nodes=512:ppn=32:xe,walltime=00:15:00
Queue:			normal
Account:		bahx
End Torque Prologue:  0.091 elapsed
----------------------------------------




Pingpong for
master:  0, 1
partner: 256, 257
1	3.30e-06	3.60e-06	
2	3.22e-06	3.52e-06	
4	3.32e-06	3.56e-06	
8	3.36e-06	3.69e-06	
16	3.37e-06	3.66e-06	
32	3.47e-06	3.77e-06	
64	3.59e-06	3.95e-06	
128	1.10e-05	1.19e-05	
256	1.49e-05	1.57e-05	
512	1.56e-05	1.71e-05	
1024	1.79e-05	2.00e-05	
2048	1.80e-05	1.96e-05	
4096	2.23e-05	2.49e-05	
8192	3.17e-05	3.46e-05	
16384	4.98e-05	5.49e-05	
32768	8.44e-05	9.71e-05	
65536	1.55e-04	1.69e-04	
Pingpong for
master:  0, 1
partner: 2976, 2977
1	3.20e-06	3.56e-06	
2	3.15e-06	3.38e-06	
4	3.22e-06	3.44e-06	
8	3.30e-06	3.56e-06	
16	3.32e-06	3.55e-06	
32	3.36e-06	3.60e-06	
64	3.51e-06	3.79e-06	
128	1.07e-05	1.16e-05	
256	1.42e-05	1.55e-05	
512	1.54e-05	1.69e-05	
1024	1.77e-05	1.97e-05	
2048	1.75e-05	1.92e-05	
4096	2.17e-05	2.46e-05	
8192	3.09e-05	3.49e-05	
16384	4.88e-05	5.49e-05	
32768	8.79e-05	1.00e-04	
65536	1.59e-04	1.69e-04	
Pingpong for
master:  0, 1
partner: 32, 33
1	3.20e-06	3.52e-06	
2	3.16e-06	3.43e-06	
4	3.22e-06	3.49e-06	
8	3.27e-06	3.59e-06	
16	3.29e-06	3.57e-06	
32	3.38e-06	3.62e-06	
64	3.50e-06	3.76e-06	
128	1.07e-05	1.17e-05	
256	1.41e-05	1.55e-05	
512	1.53e-05	1.69e-05	
1024	1.76e-05	1.98e-05	
2048	1.77e-05	1.94e-05	
4096	2.19e-05	2.50e-05	
8192	3.10e-05	3.48e-05	
16384	4.84e-05	5.48e-05	
32768	8.39e-05	9.31e-05	
65536	1.55e-04	1.72e-04	

Application 65332702 resources: utime ~109779s, stime ~4289s, Rss ~23184, inblocks ~5123779, outblocks ~8400412
