----------------------------------------
Begin Torque Prologue on nid25426
at Thu Mar  1 15:14:45 CST 2018
Job Id:			8259545.bw
Username:		bienz
Group:			ILL_bahx
Job name:		nodecomm_ppn2
Requested resources:	neednodes=512:ppn=32:xe,nodes=512:ppn=32:xe,walltime=00:15:00
Queue:			normal
Account:		bahx
End Torque Prologue:  0.093 elapsed
----------------------------------------




Pingpong for
master:  0, 1
partner: 320, 321
1	3.20e-06	3.64e-06	
2	3.23e-06	3.52e-06	
4	3.29e-06	3.60e-06	
8	3.36e-06	3.69e-06	
16	3.37e-06	3.69e-06	
32	3.51e-06	3.77e-06	
64	3.64e-06	3.89e-06	
128	1.09e-05	1.21e-05	
256	1.45e-05	1.57e-05	
512	1.53e-05	1.71e-05	
1024	1.76e-05	1.99e-05	
2048	1.78e-05	1.95e-05	
4096	2.19e-05	2.47e-05	
8192	3.17e-05	3.45e-05	
16384	5.01e-05	5.49e-05	
32768	8.44e-05	9.22e-05	
65536	1.55e-04	1.71e-04	
Pingpong for
master:  0, 1
partner: 2688, 2689
1	3.15e-06	3.61e-06	
2	3.10e-06	3.41e-06	
4	3.14e-06	3.49e-06	
8	3.22e-06	3.58e-06	
16	3.23e-06	3.59e-06	
32	3.36e-06	3.64e-06	
64	3.45e-06	3.80e-06	
128	1.07e-05	1.18e-05	
256	1.41e-05	1.55e-05	
512	1.51e-05	1.68e-05	
1024	1.74e-05	1.95e-05	
2048	1.68e-05	1.86e-05	
4096	1.98e-05	2.30e-05	
8192	2.71e-05	3.31e-05	
16384	4.13e-05	5.26e-05	
32768	6.84e-05	9.24e-05	
65536	1.27e-04	1.81e-04	
Pingpong for
master:  0, 1
partner: 32, 33
1	3.13e-06	3.51e-06	
2	3.13e-06	3.41e-06	
4	3.22e-06	3.51e-06	
8	3.29e-06	3.56e-06	
16	3.28e-06	3.57e-06	
32	3.38e-06	3.63e-06	
64	3.56e-06	3.82e-06	
128	1.08e-05	1.17e-05	
256	1.43e-05	1.56e-05	
512	1.55e-05	1.70e-05	
1024	1.77e-05	1.97e-05	
2048	1.77e-05	1.95e-05	
4096	2.19e-05	2.50e-05	
8192	3.08e-05	3.48e-05	
16384	5.01e-05	5.47e-05	
32768	8.40e-05	9.28e-05	
65536	1.55e-04	1.74e-04	

