Pingpong for
master:  0, 1
partner: 256, 257
1	3.26e-06	3.58e-06	
2	3.22e-06	3.56e-06	
4	3.30e-06	3.55e-06	
8	3.35e-06	3.66e-06	
16	3.36e-06	3.64e-06	
32	3.41e-06	3.78e-06	
64	3.63e-06	3.90e-06	
128	1.09e-05	1.19e-05	
256	1.46e-05	1.57e-05	
512	1.55e-05	1.71e-05	
1024	1.78e-05	1.99e-05	
2048	1.74e-05	1.93e-05	
4096	2.04e-05	2.36e-05	
8192	2.76e-05	3.36e-05	
16384	4.15e-05	5.33e-05	
32768	6.81e-05	9.44e-05	
65536	1.23e-04	1.87e-04	
Pingpong for
master:  0, 1
partner: 2976, 2977
1	3.18e-06	3.57e-06	
2	3.14e-06	3.38e-06	
4	3.17e-06	3.45e-06	
8	3.33e-06	3.55e-06	
16	3.26e-06	3.53e-06	
32	3.38e-06	3.61e-06	
64	3.47e-06	3.77e-06	
128	1.06e-05	1.17e-05	
256	1.41e-05	1.54e-05	
512	1.53e-05	1.68e-05	
1024	1.75e-05	1.97e-05	
2048	1.76e-05	1.93e-05	
4096	2.17e-05	2.46e-05	
8192	3.15e-05	3.48e-05	
16384	4.89e-05	6.20e-05	
32768	8.35e-05	9.19e-05	
65536	1.54e-04	1.68e-04	
Pingpong for
master:  0, 1
partner: 32, 33
1	3.13e-06	3.55e-06	
2	3.12e-06	3.45e-06	
4	3.20e-06	3.53e-06	
8	3.30e-06	3.61e-06	
16	3.31e-06	3.66e-06	
32	3.40e-06	3.67e-06	
64	3.52e-06	3.83e-06	
128	1.08e-05	1.17e-05	
256	1.42e-05	1.56e-05	
512	1.54e-05	1.69e-05	
1024	1.76e-05	1.97e-05	
2048	1.71e-05	1.89e-05	
4096	2.03e-05	2.37e-05	
8192	2.79e-05	3.42e-05	
16384	4.13e-05	5.31e-05	
32768	6.80e-05	9.62e-05	
65536	1.23e-04	1.95e-04	
Pingpong for
master:  0, 1
partner: 320, 321
1	3.20e-06	3.64e-06	
2	3.23e-06	3.52e-06	
4	3.29e-06	3.60e-06	
8	3.36e-06	3.69e-06	
16	3.37e-06	3.69e-06	
32	3.51e-06	3.77e-06	
64	3.64e-06	3.89e-06	
128	1.09e-05	1.21e-05	
256	1.45e-05	1.57e-05	
512	1.53e-05	1.71e-05	
1024	1.76e-05	1.99e-05	
2048	1.78e-05	1.95e-05	
4096	2.19e-05	2.47e-05	
8192	3.17e-05	3.45e-05	
16384	5.01e-05	5.49e-05	
32768	8.44e-05	9.22e-05	
65536	1.55e-04	1.71e-04	
Pingpong for
master:  0, 1
partner: 2688, 2689
1	3.15e-06	3.61e-06	
2	3.10e-06	3.41e-06	
4	3.14e-06	3.49e-06	
8	3.22e-06	3.58e-06	
16	3.23e-06	3.59e-06	
32	3.36e-06	3.64e-06	
64	3.45e-06	3.80e-06	
128	1.07e-05	1.18e-05	
256	1.41e-05	1.55e-05	
512	1.51e-05	1.68e-05	
1024	1.74e-05	1.95e-05	
2048	1.68e-05	1.86e-05	
4096	1.98e-05	2.30e-05	
8192	2.71e-05	3.31e-05	
16384	4.13e-05	5.26e-05	
32768	6.84e-05	9.24e-05	
65536	1.27e-04	1.81e-04	
Pingpong for
master:  0, 1
partner: 32, 33
1	3.13e-06	3.51e-06	
2	3.13e-06	3.41e-06	
4	3.22e-06	3.51e-06	
8	3.29e-06	3.56e-06	
16	3.28e-06	3.57e-06	
32	3.38e-06	3.63e-06	
64	3.56e-06	3.82e-06	
128	1.08e-05	1.17e-05	
256	1.43e-05	1.56e-05	
512	1.55e-05	1.70e-05	
1024	1.77e-05	1.97e-05	
2048	1.77e-05	1.95e-05	
4096	2.19e-05	2.50e-05	
8192	3.08e-05	3.48e-05	
16384	5.01e-05	5.47e-05	
32768	8.40e-05	9.28e-05	
65536	1.55e-04	1.74e-04	
Pingpong for
master:  0, 1
partner: 256, 257
1	3.30e-06	3.60e-06	
2	3.22e-06	3.52e-06	
4	3.32e-06	3.56e-06	
8	3.36e-06	3.69e-06	
16	3.37e-06	3.66e-06	
32	3.47e-06	3.77e-06	
64	3.59e-06	3.95e-06	
128	1.10e-05	1.19e-05	
256	1.49e-05	1.57e-05	
512	1.56e-05	1.71e-05	
1024	1.79e-05	2.00e-05	
2048	1.80e-05	1.96e-05	
4096	2.23e-05	2.49e-05	
8192	3.17e-05	3.46e-05	
16384	4.98e-05	5.49e-05	
32768	8.44e-05	9.71e-05	
65536	1.55e-04	1.69e-04	
Pingpong for
master:  0, 1
partner: 2976, 2977
1	3.20e-06	3.56e-06	
2	3.15e-06	3.38e-06	
4	3.22e-06	3.44e-06	
8	3.30e-06	3.56e-06	
16	3.32e-06	3.55e-06	
32	3.36e-06	3.60e-06	
64	3.51e-06	3.79e-06	
128	1.07e-05	1.16e-05	
256	1.42e-05	1.55e-05	
512	1.54e-05	1.69e-05	
1024	1.77e-05	1.97e-05	
2048	1.75e-05	1.92e-05	
4096	2.17e-05	2.46e-05	
8192	3.09e-05	3.49e-05	
16384	4.88e-05	5.49e-05	
32768	8.79e-05	1.00e-04	
65536	1.59e-04	1.69e-04	
Pingpong for
master:  0, 1
partner: 32, 33
1	3.20e-06	3.52e-06	
2	3.16e-06	3.43e-06	
4	3.22e-06	3.49e-06	
8	3.27e-06	3.59e-06	
16	3.29e-06	3.57e-06	
32	3.38e-06	3.62e-06	
64	3.50e-06	3.76e-06	
128	1.07e-05	1.17e-05	
256	1.41e-05	1.55e-05	
512	1.53e-05	1.69e-05	
1024	1.76e-05	1.98e-05	
2048	1.77e-05	1.94e-05	
4096	2.19e-05	2.50e-05	
8192	3.10e-05	3.48e-05	
16384	4.84e-05	5.48e-05	
32768	8.39e-05	9.31e-05	
65536	1.55e-04	1.72e-04	

