----------------------------------------
Begin Torque Prologue on nid27639
at Wed Dec 20 11:26:08 CST 2017
Job Id:			7955031.bw
Username:		bienz
Group:			ILL_bahx
Job name:		nodecomm_ppn3
Requested resources:	neednodes=512:ppn=32:xe,nodes=512:ppn=32:xe,walltime=00:15:00
Queue:			normal
Account:		bahx
End Torque Prologue:  0.125 elapsed
----------------------------------------




Pingpong for
master:  0, 1, 2
partner: 256, 257, 258
1	3.38e-06	3.65e-06	3.61e-06	
2	3.37e-06	3.61e-06	3.60e-06	
4	3.44e-06	3.65e-06	3.65e-06	
8	3.48e-06	3.74e-06	3.75e-06	
16	3.52e-06	3.76e-06	3.82e-06	
32	3.63e-06	3.82e-06	3.87e-06	
64	3.72e-06	3.98e-06	4.01e-06	
128	1.13e-05	1.21e-05	1.23e-05	
256	1.46e-05	1.59e-05	1.68e-05	
512	1.56e-05	1.72e-05	1.83e-05	
1024	1.79e-05	2.00e-05	2.14e-05	
2048	1.82e-05	2.00e-05	2.18e-05	
4096	2.23e-05	2.51e-05	2.74e-05	
8192	3.16e-05	3.47e-05	3.85e-05	
16384	4.94e-05	5.50e-05	6.35e-05	
32768	8.45e-05	9.31e-05	1.20e-04	
65536	1.56e-04	1.71e-04	2.39e-04	
Pingpong for
master:  0, 1, 2
partner: 2752, 2753, 2754
1	3.29e-06	3.61e-06	3.48e-06	
2	3.23e-06	3.47e-06	3.50e-06	
4	3.31e-06	3.55e-06	3.57e-06	
8	3.38e-06	3.63e-06	3.65e-06	
16	3.39e-06	3.63e-06	3.63e-06	
32	3.54e-06	3.74e-06	3.75e-06	
64	3.59e-06	3.86e-06	3.90e-06	
128	1.08e-05	1.18e-05	1.19e-05	
256	1.41e-05	1.57e-05	1.66e-05	
512	1.52e-05	1.70e-05	1.82e-05	
1024	1.74e-05	1.97e-05	2.11e-05	
2048	1.77e-05	1.96e-05	2.17e-05	
4096	2.18e-05	2.51e-05	2.77e-05	
8192	3.14e-05	3.48e-05	3.87e-05	
16384	4.85e-05	5.37e-05	6.52e-05	
32768	8.40e-05	9.25e-05	1.23e-04	
65536	1.55e-04	1.71e-04	2.42e-04	
Pingpong for
master:  0, 1, 2
partner: 32, 33, 34
1	3.21e-06	3.58e-06	3.49e-06	
2	3.24e-06	3.48e-06	3.52e-06	
4	3.31e-06	3.57e-06	3.59e-06	
8	3.39e-06	3.65e-06	3.65e-06	
16	3.39e-06	3.62e-06	3.67e-06	
32	3.46e-06	3.71e-06	3.74e-06	
64	3.55e-06	3.84e-06	3.87e-06	
128	1.10e-05	1.20e-05	1.22e-05	
256	1.42e-05	1.57e-05	1.68e-05	
512	1.53e-05	1.70e-05	1.82e-05	
1024	1.75e-05	1.97e-05	2.12e-05	
2048	1.79e-05	1.98e-05	2.19e-05	
4096	2.21e-05	2.51e-05	2.80e-05	
8192	3.12e-05	3.51e-05	3.94e-05	
16384	4.94e-05	5.50e-05	6.59e-05	
32768	8.41e-05	9.32e-05	1.23e-04	
65536	1.55e-04	1.72e-04	2.45e-04	
Pingpong for
master:  0, 1, 2
partner: 16, 17, 18
1	3.01e-06	3.36e-06	3.28e-06	
2	3.05e-06	3.26e-06	3.30e-06	
4	3.11e-06	3.36e-06	3.37e-06	
8	3.17e-06	3.42e-06	3.44e-06	
16	3.18e-06	3.42e-06	3.46e-06	
32	3.26e-06	3.49e-06	3.56e-06	
64	3.39e-06	3.64e-06	3.65e-06	
128	1.03e-05	1.14e-05	1.16e-05	
256	1.35e-05	1.51e-05	1.62e-05	
512	1.47e-05	1.64e-05	1.78e-05	
1024	1.69e-05	1.92e-05	2.06e-05	
2048	1.78e-05	1.91e-05	2.13e-05	
4096	2.12e-05	2.44e-05	2.71e-05	
8192	3.07e-05	3.40e-05	3.85e-05	
16384	4.86e-05	5.48e-05	6.47e-05	
32768	8.79e-05	9.34e-05	1.23e-04	
65536	1.59e-04	1.71e-04	2.43e-04	
Application 63908493 resources: utime ~171870s, stime ~3675s, Rss ~23844, inblocks ~5095019, outblocks ~8400417
