----------------------------------------
Begin Torque Prologue on nid25254
at Wed Dec 20 11:29:17 CST 2017
Job Id:			7955032.bw
Username:		bienz
Group:			ILL_bahx
Job name:		nodecomm_ppn3
Requested resources:	neednodes=512:ppn=32:xe,nodes=512:ppn=32:xe,walltime=00:15:00
Queue:			normal
Account:		bahx
End Torque Prologue:  0.123 elapsed
----------------------------------------




Pingpong for
master:  0, 1, 2
partner: 256, 257, 258
1	3.41e-06	3.65e-06	3.57e-06	
2	3.32e-06	3.55e-06	3.59e-06	
4	3.42e-06	3.63e-06	3.66e-06	
8	3.46e-06	3.76e-06	3.74e-06	
16	3.48e-06	3.71e-06	3.76e-06	
32	3.56e-06	3.87e-06	3.85e-06	
64	3.76e-06	3.96e-06	4.01e-06	
128	1.12e-05	1.23e-05	1.24e-05	
256	1.42e-05	1.55e-05	1.63e-05	
512	1.53e-05	1.69e-05	1.77e-05	
1024	1.76e-05	1.92e-05	2.04e-05	
2048	1.72e-05	1.87e-05	2.02e-05	
4096	2.04e-05	2.34e-05	2.52e-05	
8192	2.75e-05	3.36e-05	3.70e-05	
16384	4.19e-05	5.23e-05	6.23e-05	
32768	6.91e-05	9.01e-05	1.20e-04	
65536	1.23e-04	1.85e-04	2.39e-04	
Pingpong for
master:  0, 1, 2
partner: 2720, 2721, 2722
1	3.25e-06	3.61e-06	3.46e-06	
2	3.16e-06	3.45e-06	3.48e-06	
4	3.26e-06	3.52e-06	3.54e-06	
8	3.37e-06	3.60e-06	3.63e-06	
16	3.35e-06	3.62e-06	3.65e-06	
32	3.42e-06	3.69e-06	3.72e-06	
64	3.55e-06	3.78e-06	3.82e-06	
128	1.09e-05	1.19e-05	1.20e-05	
256	1.40e-05	1.52e-05	1.62e-05	
512	1.50e-05	1.65e-05	1.76e-05	
1024	1.73e-05	1.91e-05	2.03e-05	
2048	1.76e-05	1.90e-05	2.07e-05	
4096	2.15e-05	2.44e-05	2.63e-05	
8192	3.10e-05	3.43e-05	3.83e-05	
16384	4.86e-05	5.30e-05	6.50e-05	
32768	8.33e-05	9.17e-05	1.21e-04	
65536	1.58e-04	1.71e-04	2.44e-04	
Pingpong for
master:  0, 1, 2
partner: 32, 33, 34
1	3.25e-06	3.60e-06	3.50e-06	
2	3.22e-06	3.49e-06	3.50e-06	
4	3.34e-06	3.58e-06	3.60e-06	
8	3.39e-06	3.63e-06	3.66e-06	
16	3.39e-06	3.66e-06	3.66e-06	
32	3.48e-06	3.71e-06	3.75e-06	
64	3.60e-06	3.85e-06	3.87e-06	
128	1.10e-05	1.19e-05	1.21e-05	
256	1.40e-05	1.53e-05	1.59e-05	
512	1.51e-05	1.65e-05	1.74e-05	
1024	1.74e-05	1.91e-05	2.02e-05	
2048	1.68e-05	1.86e-05	2.04e-05	
4096	1.99e-05	2.49e-05	2.60e-05	
8192	2.73e-05	3.70e-05	3.87e-05	
16384	4.17e-05	5.37e-05	6.45e-05	
32768	6.82e-05	9.10e-05	1.20e-04	
65536	1.24e-04	1.89e-04	2.39e-04	

