----------------------------------------
Begin Torque Prologue on nid27638
at Wed Dec 20 11:26:06 CST 2017
Job Id:			7955030.bw
Username:		bienz
Group:			ILL_bahx
Job name:		nodecomm_ppn3
Requested resources:	neednodes=512:ppn=32:xe,nodes=512:ppn=32:xe,walltime=00:15:00
Queue:			normal
Account:		bahx
End Torque Prologue:  0.106 elapsed
----------------------------------------




Pingpong for
master:  0, 1, 2
partner: 256, 257, 258
1	3.40e-06	3.64e-06	3.60e-06	
2	3.35e-06	3.60e-06	3.62e-06	
4	3.43e-06	3.66e-06	3.67e-06	
8	3.49e-06	3.75e-06	3.78e-06	
16	3.49e-06	3.74e-06	3.80e-06	
32	3.62e-06	3.85e-06	3.90e-06	
64	3.79e-06	4.01e-06	4.01e-06	
128	1.13e-05	1.21e-05	1.23e-05	
256	1.43e-05	1.55e-05	1.63e-05	
512	1.54e-05	1.68e-05	1.76e-05	
1024	1.75e-05	1.93e-05	2.04e-05	
2048	1.81e-05	1.97e-05	2.07e-05	
4096	2.23e-05	2.46e-05	2.62e-05	
8192	3.16e-05	3.47e-05	3.83e-05	
16384	4.96e-05	5.51e-05	6.40e-05	
32768	8.45e-05	9.33e-05	1.22e-04	
65536	1.55e-04	1.70e-04	2.37e-04	
Pingpong for
master:  0, 1, 2
partner: 2720, 2721, 2722
1	3.26e-06	3.61e-06	3.47e-06	
2	3.23e-06	3.44e-06	3.46e-06	
4	3.30e-06	3.53e-06	3.56e-06	
8	3.40e-06	3.62e-06	3.65e-06	
16	3.39e-06	3.65e-06	3.69e-06	
32	3.48e-06	3.73e-06	3.76e-06	
64	3.63e-06	3.87e-06	3.89e-06	
128	1.08e-05	1.20e-05	1.21e-05	
256	1.39e-05	1.55e-05	1.64e-05	
512	1.50e-05	1.66e-05	1.80e-05	
1024	1.72e-05	1.88e-05	2.04e-05	
2048	1.77e-05	1.92e-05	2.07e-05	
4096	2.18e-05	2.42e-05	2.61e-05	
8192	3.12e-05	3.47e-05	3.86e-05	
16384	4.88e-05	5.47e-05	6.58e-05	
32768	8.81e-05	9.29e-05	1.22e-04	
65536	1.58e-04	1.73e-04	2.40e-04	
Pingpong for
master:  0, 1, 2
partner: 32, 33, 34
1	3.23e-06	3.59e-06	3.53e-06	
2	3.22e-06	3.51e-06	3.54e-06	
4	3.31e-06	3.59e-06	3.61e-06	
8	3.41e-06	3.64e-06	3.65e-06	
16	3.35e-06	3.62e-06	3.67e-06	
32	3.44e-06	3.72e-06	3.77e-06	
64	3.56e-06	3.85e-06	3.91e-06	
128	1.10e-05	1.19e-05	1.21e-05	
256	1.40e-05	1.54e-05	1.62e-05	
512	1.51e-05	1.65e-05	1.74e-05	
1024	1.74e-05	1.90e-05	2.01e-05	
2048	1.77e-05	1.93e-05	2.07e-05	
4096	2.18e-05	2.45e-05	2.62e-05	
8192	3.12e-05	3.44e-05	3.87e-05	
16384	4.88e-05	5.43e-05	6.71e-05	
32768	8.41e-05	9.40e-05	1.24e-04	
65536	1.55e-04	1.73e-04	2.44e-04	

