INFO: Job submitted to account: jq7
aprun: Apid 66139965: Caught signal Terminated, sending to application
_pmiu_daemon(SIGCHLD): [NID 20511] [c13-4c2s0n1] [Thu Apr  5 16:36:31 2018] PE RANK 8 exit signal Terminated
Pingpong for
master:  0, 1, 2, 3, 4, 5, 6, 7
partner: 8, 9, 10, 11, 12, 13, 14, 15

Num Msgs 1
SizeMsgs 1
1.30e-06	1.30e-06	1.34e-06	1.34e-06	1.35e-06	1.34e-06	1.35e-06	1.35e-06	

Num Msgs 1
SizeMsgs 2
1.33e-06	1.34e-06	1.35e-06	1.36e-06	1.36e-06	1.36e-06	1.36e-06	1.36e-06	
Num Msgs 2
SizeMsgs 2
2.50e-06	2.49e-06	2.51e-06	2.52e-06	2.52e-06	2.53e-06	2.53e-06	2.53e-06	

Num Msgs 1
SizeMsgs 4
1.71e-06	1.74e-06	1.77e-06	1.80e-06	1.80e-06	1.80e-06	1.80e-06	1.81e-06	
Num Msgs 2
SizeMsgs 4
2.50e-06	2.52e-06	2.55e-06	2.56e-06	2.56e-06	2.56e-06	2.56e-06	2.57e-06	
Num Msgs 4
SizeMsgs 4
4.23e-06	4.28e-06	4.33e-06	4.38e-06	4.39e-06	4.40e-06	4.41e-06	4.51e-06	

Num Msgs 1
SizeMsgs 8
1.80e-06	1.82e-06	1.83e-06	1.85e-06	1.85e-06	1.85e-06	1.85e-06	1.85e-06	
Num Msgs 2
SizeMsgs 8
3.28e-06	3.34e-06	3.36e-06	3.40e-06	3.41e-06	3.41e-06	3.44e-06	3.49e-06	
Num Msgs 4
SizeMsgs 8
4.23e-06	4.31e-06	4.34e-06	4.40e-06	4.40e-06	4.41e-06	4.41e-06	4.43e-06	
Num Msgs 8
SizeMsgs 8
8.26e-06	8.31e-06	8.38e-06	8.47e-06	8.47e-06	8.50e-06	8.49e-06	8.51e-06	

Num Msgs 1
SizeMsgs 16
2.14e-06	2.17e-06	2.20e-06	2.23e-06	2.24e-06	2.24e-06	2.24e-06	2.24e-06	
Num Msgs 2
SizeMsgs 16
2.91e-06	2.94e-06	2.97e-06	3.00e-06	3.00e-06	3.00e-06	3.00e-06	3.01e-06	
Num Msgs 4
SizeMsgs 16
4.94e-06	5.06e-06	5.19e-06	5.28e-06	5.28e-06	5.29e-06	5.32e-06	5.32e-06	
Num Msgs 8
SizeMsgs 16
8.08e-06	8.17e-06	8.27e-06	8.35e-06	8.35e-06	8.36e-06	8.38e-06	8.37e-06	
Num Msgs 16
SizeMsgs 16
2.13e-05	2.12e-05	2.12e-05	2.14e-05	2.09e-05	2.07e-05	2.11e-05	2.10e-05	

Num Msgs 1
SizeMsgs 32
2.19e-06	2.21e-06	2.25e-06	2.30e-06	2.30e-06	2.30e-06	2.31e-06	2.31e-06	
Num Msgs 2
SizeMsgs 32
3.21e-06	3.31e-06	3.35e-06	3.41e-06	3.41e-06	3.41e-06	3.41e-06	3.42e-06	
Num Msgs 4
SizeMsgs 32
4.94e-06	5.00e-06	5.05e-06	5.12e-06	5.12e-06	5.12e-06	5.12e-06	5.14e-06	
Num Msgs 8
SizeMsgs 32
9.27e-06	9.36e-06	9.48e-06	9.60e-06	9.61e-06	9.62e-06	9.63e-06	9.62e-06	
Num Msgs 16
SizeMsgs 32
1.43e-05	1.43e-05	1.46e-05	1.47e-05	1.47e-05	1.48e-05	1.48e-05	1.48e-05	
Num Msgs 32
SizeMsgs 32
2.86e-05	2.85e-05	2.88e-05	2.90e-05	2.89e-05	2.91e-05	2.90e-05	2.91e-05	

Num Msgs 1
SizeMsgs 64
2.35e-06	2.41e-06	2.49e-06	2.65e-06	2.63e-06	2.61e-06	2.65e-06	2.64e-06	
Num Msgs 2
SizeMsgs 64
3.18e-06	3.27e-06	3.34e-06	3.44e-06	3.45e-06	3.50e-06	3.53e-06	3.52e-06	
Num Msgs 4
SizeMsgs 64
5.19e-06	5.25e-06	5.34e-06	5.45e-06	5.46e-06	5.47e-06	5.47e-06	5.47e-06	
Num Msgs 8
SizeMsgs 64
8.74e-06	8.79e-06	8.95e-06	9.11e-06	9.19e-06	9.16e-06	9.18e-06	9.21e-06	
Num Msgs 16
SizeMsgs 64
1.52e-05	1.53e-05	1.54e-05	1.57e-05	1.57e-05	1.55e-05	1.57e-05	1.57e-05	
Num Msgs 32
SizeMsgs 64
2.85e-05	2.88e-05	2.91e-05	2.92e-05	2.91e-05	2.94e-05	2.92e-05	2.93e-05	
Num Msgs 64
SizeMsgs 64
5.66e-05	5.68e-05	5.71e-05	5.75e-05	5.75e-05	5.77e-05	5.79e-05	5.82e-05	

Num Msgs 1
SizeMsgs 128
2.61e-06	2.84e-06	3.22e-06	3.65e-06	3.66e-06	3.65e-06	3.65e-06	3.66e-06	
Num Msgs 2
SizeMsgs 128
3.65e-06	3.85e-06	4.12e-06	4.41e-06	4.43e-06	4.42e-06	4.41e-06	4.42e-06	
Num Msgs 4
SizeMsgs 128
5.26e-06	5.48e-06	5.62e-06	5.81e-06	5.85e-06	5.85e-06	5.87e-06	5.85e-06	
Num Msgs 8
SizeMsgs 128
9.10e-06	9.27e-06	9.41e-06	9.73e-06	9.73e-06	9.74e-06	9.77e-06	9.78e-06	
Num Msgs 16
SizeMsgs 128
1.54e-05	1.57e-05	1.59e-05	1.61e-05	1.61e-05	1.61e-05	1.61e-05	1.62e-05	
Num Msgs 32
SizeMsgs 128
2.99e-05	3.04e-05	3.08e-05	3.08e-05	3.09e-05	3.08e-05	3.09e-05	3.11e-05	
Num Msgs 64
SizeMsgs 128
5.74e-05	5.78e-05	5.82e-05	5.85e-05	5.87e-05	5.88e-05	5.89e-05	5.91e-05	
Num Msgs 128
SizeMsgs 128
2.14e-04	2.13e-04	2.14e-04	2.15e-04	2.14e-04	2.17e-04	2.18e-04	2.18e-04	

Num Msgs 1
SizeMsgs 256
3.46e-06	3.85e-06	4.32e-06	4.72e-06	4.73e-06	4.72e-06	4.73e-06	4.75e-06	
Num Msgs 2
SizeMsgs 256
4.31e-06	4.63e-06	5.02e-06	5.74e-06	5.75e-06	5.75e-06	5.76e-06	5.78e-06	
Num Msgs 4
SizeMsgs 256
5.46e-06	6.05e-06	6.73e-06	7.56e-06	7.57e-06	7.62e-06	7.70e-06	7.75e-06	
Num Msgs 8
SizeMsgs 256
9.25e-06	9.57e-06	1.04e-05	1.10e-05	1.10e-05	1.10e-05	1.10e-05	1.10e-05	
Num Msgs 16
SizeMsgs 256
1.60e-05	1.63e-05	1.67e-05	1.73e-05	1.72e-05	1.73e-05	1.73e-05	1.74e-05	
Num Msgs 32
SizeMsgs 256
3.08e-05	3.13e-05	3.18e-05	3.21e-05	3.21e-05	3.22e-05	3.22e-05	3.22e-05	
Num Msgs 64
SizeMsgs 256
6.18e-05	6.21e-05	6.25e-05	6.32e-05	6.32e-05	6.36e-05	6.37e-05	6.39e-05	
Num Msgs 128
SizeMsgs 256
2.13e-04	2.14e-04	2.15e-04	2.15e-04	2.16e-04	2.17e-04	2.18e-04	2.19e-04	
Num Msgs 256
SizeMsgs 256
9.59e-04	9.61e-04	9.65e-04	9.68e-04	9.78e-04	9.90e-04	9.73e-04	1.00e-03	

Num Msgs 1
SizeMsgs 512
4.65e-06	5.15e-06	6.31e-06	7.26e-06	7.26e-06	7.27e-06	7.28e-06	7.32e-06	
Num Msgs 2
SizeMsgs 512
5.81e-06	6.31e-06	7.09e-06	8.24e-06	8.18e-06	8.19e-06	8.20e-06	8.24e-06	
Num Msgs 4
SizeMsgs 512
7.41e-06	8.11e-06	9.36e-06	1.10e-05	1.10e-05	1.10e-05	1.10e-05	1.10e-05	
Num Msgs 8
SizeMsgs 512
1.05e-05	1.14e-05	1.27e-05	1.48e-05	1.48e-05	1.48e-05	1.48e-05	1.48e-05	
Num Msgs 16
SizeMsgs 512
1.67e-05	1.71e-05	1.92e-05	2.04e-05	2.04e-05	2.02e-05	2.03e-05	2.04e-05	
Num Msgs 32
SizeMsgs 512
3.16e-05	3.21e-05	3.31e-05	3.40e-05	3.41e-05	3.39e-05	3.40e-05	3.43e-05	
Num Msgs 64
SizeMsgs 512
6.12e-05	6.16e-05	6.22e-05	6.37e-05	6.38e-05	6.40e-05	6.41e-05	6.41e-05	
Num Msgs 128
SizeMsgs 512
2.20e-04	2.21e-04	2.21e-04	2.23e-04	2.22e-04	2.23e-04	2.25e-04	2.25e-04	
Num Msgs 256
SizeMsgs 512
9.62e-04	9.64e-04	9.66e-04	9.75e-04	9.91e-04	9.86e-04	9.77e-04	1.00e-03	
Num Msgs 512
SizeMsgs 512
3.72e-03	3.73e-03	3.75e-03	3.83e-03	3.83e-03	3.85e-03	3.84e-03	3.85e-03	

Num Msgs 1
SizeMsgs 1024
7.29e-06	8.11e-06	9.98e-06	1.18e-05	1.18e-05	1.18e-05	1.18e-05	1.19e-05	
Num Msgs 2
SizeMsgs 1024
7.59e-06	8.73e-06	1.06e-05	1.29e-05	1.29e-05	1.29e-05	1.29e-05	1.31e-05	
Num Msgs 4
SizeMsgs 1024
9.51e-06	1.10e-05	1.34e-05	1.61e-05	1.61e-05	1.61e-05	1.62e-05	1.62e-05	
Num Msgs 8
SizeMsgs 1024
1.41e-05	1.54e-05	1.80e-05	2.15e-05	2.15e-05	2.14e-05	2.15e-05	2.16e-05	
Num Msgs 16
SizeMsgs 1024
1.92e-05	2.07e-05	2.35e-05	2.80e-05	2.84e-05	2.83e-05	2.84e-05	2.86e-05	
Num Msgs 32
SizeMsgs 1024
3.38e-05	3.42e-05	3.63e-05	3.75e-05	3.76e-05	3.76e-05	3.77e-05	3.79e-05	
Num Msgs 64
SizeMsgs 1024
6.26e-05	6.31e-05	6.41e-05	6.69e-05	6.68e-05	6.71e-05	6.72e-05	6.71e-05	
Num Msgs 128
SizeMsgs 1024
2.20e-04	2.20e-04	2.21e-04	2.23e-04	2.23e-04	2.25e-04	2.25e-04	2.26e-04	
Num Msgs 256
SizeMsgs 1024
9.73e-04	9.79e-04	9.82e-04	9.86e-04	9.87e-04	1.02e-03	9.89e-04	1.00e-03	
Num Msgs 512
SizeMsgs 1024
3.72e-03	3.74e-03	3.76e-03	3.86e-03	3.85e-03	3.85e-03	3.86e-03	3.85e-03	
Num Msgs 1024
SizeMsgs 1024
1.46e-02	1.46e-02	1.46e-02	1.49e-02	1.51e-02	1.48e-02	1.49e-02	1.51e-02	

Num Msgs 1
SizeMsgs 2048
5.37e-06	5.44e-06	5.46e-06	5.49e-06	5.50e-06	5.51e-06	5.51e-06	5.52e-06	
Num Msgs 2
SizeMsgs 2048
1.15e-05	1.36e-05	1.72e-05	2.15e-05	2.16e-05	2.16e-05	2.17e-05	2.23e-05	
Num Msgs 4
SizeMsgs 2048
1.28e-05	1.61e-05	2.06e-05	2.55e-05	2.55e-05	2.55e-05	2.56e-05	2.59e-05	
Num Msgs 8
SizeMsgs 2048
1.86e-05	2.07e-05	2.59e-05	3.17e-05	3.17e-05	3.18e-05	3.18e-05	3.22e-05	
Num Msgs 16
SizeMsgs 2048
2.49e-05	2.81e-05	3.44e-05	4.17e-05	4.22e-05	4.23e-05	4.24e-05	4.28e-05	
Num Msgs 32
SizeMsgs 2048
3.69e-05	3.93e-05	4.55e-05	5.46e-05	5.43e-05	5.52e-05	5.46e-05	5.53e-05	
Num Msgs 64
SizeMsgs 2048
6.43e-05	6.55e-05	7.56e-05	7.82e-05	7.84e-05	7.84e-05	7.79e-05	7.85e-05	
Num Msgs 128
SizeMsgs 2048
2.23e-04	2.22e-04	2.24e-04	2.26e-04	2.26e-04	2.27e-04	2.28e-04	2.30e-04	
Num Msgs 256
SizeMsgs 2048
9.68e-04	9.72e-04	9.75e-04	9.79e-04	9.94e-04	9.95e-04	9.85e-04	1.01e-03	
Num Msgs 512
SizeMsgs 2048
3.75e-03	3.77e-03	3.77e-03	3.87e-03	3.88e-03	3.88e-03	3.87e-03	3.87e-03	
Num Msgs 1024
SizeMsgs 2048
1.46e-02	1.35e-02	1.46e-02	1.38e-02	1.51e-02	1.38e-02	1.49e-02	1.41e-02	
Num Msgs 2048
SizeMsgs 2048
5.67e-02	5.69e-02	5.74e-02	5.85e-02	5.83e-02	5.83e-02	5.84e-02	5.84e-02	

Num Msgs 1
SizeMsgs 4096
6.84e-06	6.95e-06	7.01e-06	7.11e-06	7.12e-06	7.12e-06	7.13e-06	7.13e-06	
Num Msgs 2
SizeMsgs 4096
1.06e-05	1.08e-05	1.08e-05	1.09e-05	1.09e-05	1.09e-05	1.09e-05	1.10e-05	
Num Msgs 4
SizeMsgs 4096
1.97e-05	2.54e-05	3.39e-05	4.29e-05	4.29e-05	4.30e-05	4.31e-05	4.38e-05	
Num Msgs 8
SizeMsgs 4096
2.40e-05	3.08e-05	4.03e-05	5.08e-05	5.08e-05	5.09e-05	5.10e-05	5.17e-05	
Num Msgs 16
SizeMsgs 4096
3.48e-05	4.01e-05	5.08e-05	6.26e-05	6.28e-05	6.31e-05	6.28e-05	6.40e-05	
Num Msgs 32
SizeMsgs 4096
4.37e-05	5.17e-05	6.52e-05	8.12e-05	8.15e-05	8.11e-05	8.17e-05	8.18e-05	
Num Msgs 64
SizeMsgs 4096
7.36e-05	7.78e-05	8.93e-05	1.01e-04	1.02e-04	1.01e-04	1.01e-04	1.06e-04	
Num Msgs 128
SizeMsgs 4096
2.27e-04	2.29e-04	2.31e-04	2.32e-04	2.34e-04	2.34e-04	2.36e-04	2.37e-04	
Num Msgs 256
SizeMsgs 4096
9.76e-04	9.80e-04	9.86e-04	9.89e-04	9.90e-04	1.01e-03	1.01e-03	1.00e-03	
Num Msgs 512
SizeMsgs 4096
3.73e-03	3.75e-03	3.78e-03	3.87e-03	3.87e-03	3.87e-03	3.87e-03	3.88e-03	
Num Msgs 1024
SizeMsgs 4096
1.46e-02	1.36e-02	1.47e-02	1.38e-02	1.52e-02	1.38e-02	1.50e-02	1.41e-02	
Num Msgs 2048
SizeMsgs 4096
5.55e-02	5.45e-02	5.62e-02	5.60e-02	5.72e-02	5.61e-02	5.71e-02	5.61e-02	
Num Msgs 4096
SizeMsgs 4096
2.19e-01	2.14e-01	2.21e-01	2.20e-01	2.25e-01	2.19e-01	2.25e-01	2.19e-01	

Num Msgs 1
SizeMsgs 8192
1.01e-05	1.02e-05	1.04e-05	1.06e-05	1.06e-05	1.06e-05	1.06e-05	1.06e-05	
Num Msgs 2
SizeMsgs 8192
1.41e-05	1.41e-05	1.44e-05	1.46e-05	1.47e-05	1.47e-05	1.46e-05	1.47e-05	
Num Msgs 4
SizeMsgs 8192
2.23e-05	2.24e-05	2.26e-05	2.27e-05	2.27e-05	2.27e-05	2.27e-05	2.27e-05	
Num Msgs 8
SizeMsgs 8192
3.64e-05	4.86e-05	6.67e-05	8.60e-05	8.60e-05	8.60e-05	8.63e-05	8.77e-05	
Num Msgs 16
SizeMsgs 8192
4.54e-05	6.06e-05	8.08e-05	1.02e-04	1.02e-04	1.02e-04	1.02e-04	1.04e-04	
Num Msgs 32
SizeMsgs 8192
6.19e-05	7.54e-05	9.80e-05	1.24e-04	1.24e-04	1.24e-04	1.25e-04	1.25e-04	
Num Msgs 64
SizeMsgs 8192
9.03e-05	9.64e-05	1.24e-04	1.52e-04	1.51e-04	1.52e-04	1.51e-04	1.56e-04	
Num Msgs 128
SizeMsgs 8192
2.45e-04	2.52e-04	2.68e-04	2.76e-04	2.73e-04	2.79e-04	2.77e-04	2.78e-04	
Num Msgs 256
SizeMsgs 8192
9.84e-04	9.90e-04	1.00e-03	1.00e-03	1.00e-03	1.02e-03	1.03e-03	1.01e-03	
Num Msgs 512
SizeMsgs 8192
3.74e-03	3.76e-03	3.79e-03	3.88e-03	3.89e-03	3.89e-03	3.89e-03	3.90e-03	
Num Msgs 1024
SizeMsgs 8192
1.46e-02	1.36e-02	1.49e-02	1.50e-02	1.52e-02	1.38e-02	1.50e-02	1.41e-02	
Num Msgs 2048
SizeMsgs 8192
5.57e-02	5.47e-02	5.65e-02	5.62e-02	5.74e-02	5.62e-02	5.74e-02	5.63e-02	
Num Msgs 4096
SizeMsgs 8192
2.16e-01	2.10e-01	2.19e-01	2.16e-01	2.23e-01	2.16e-01	2.23e-01	2.16e-01	
Num Msgs 8192
SizeMsgs 8192
9.81e-01	9.49e-01	9.82e-01	9.66e-01	9.94e-01	9.65e-01	9.95e-01	9.66e-01	

Num Msgs 1
SizeMsgs 16384
1.82e-05	1.81e-05	1.80e-05	1.80e-05	1.86e-05	1.99e-05	1.78e-05	1.82e-05	
Num Msgs 2
SizeMsgs 16384
2.09e-05	2.09e-05	2.11e-05	2.11e-05	2.19e-05	2.29e-05	2.11e-05	2.15e-05	
Num Msgs 4
SizeMsgs 16384
2.91e-05	2.94e-05	2.94e-05	2.95e-05	2.95e-05	3.00e-05	3.17e-05	2.96e-05	
Num Msgs 8
SizeMsgs 16384
4.62e-05	4.64e-05	4.65e-05	4.71e-05	4.71e-05	4.72e-05	4.71e-05	4.72e-05	
Num Msgs 16
SizeMsgs 16384
6.94e-05	9.58e-05	1.32e-04	1.72e-04	1.73e-04	1.73e-04	1.74e-04	1.77e-04	
Num Msgs 32
SizeMsgs 16384
8.83e-05	1.17e-04	1.59e-04	2.02e-04	2.02e-04	2.02e-04	2.03e-04	2.06e-04	
Num Msgs 64
SizeMsgs 16384
1.26e-04	1.44e-04	1.87e-04	2.41e-04	2.42e-04	2.42e-04	2.43e-04	2.45e-04	
Num Msgs 128
SizeMsgs 16384
2.83e-04	2.90e-04	3.12e-04	3.34e-04	3.37e-04	3.38e-04	3.38e-04	3.40e-04	
Num Msgs 256
SizeMsgs 16384
1.04e-03	1.04e-03	1.07e-03	1.07e-03	1.07e-03	1.07e-03	1.08e-03	1.08e-03	
Num Msgs 512
SizeMsgs 16384
3.76e-03	3.78e-03	3.81e-03	3.91e-03	3.90e-03	3.92e-03	3.92e-03	3.92e-03	
Num Msgs 1024
SizeMsgs 16384
1.46e-02	1.36e-02	1.50e-02	1.37e-02	1.52e-02	1.40e-02	1.51e-02	1.39e-02	
Num Msgs 2048
SizeMsgs 16384
5.56e-02	5.46e-02	5.63e-02	5.61e-02	5.73e-02	5.60e-02	5.74e-02	5.62e-02	
Num Msgs 4096
SizeMsgs 16384
2.17e-01	2.07e-01	2.19e-01	2.13e-01	2.23e-01	2.13e-01	2.23e-01	2.13e-01	
Num Msgs 8192
SizeMsgs 16384
9.76e-01	9.53e-01	9.78e-01	9.71e-01	9.92e-01	9.71e-01	9.92e-01	9.71e-01	
Num Msgs 16384
SizeMsgs 16384
4.66e+00	4.46e+00	4.68e+00	4.52e+00	4.73e+00	4.52e+00	4.73e+00	4.53e+00	

Num Msgs 1
SizeMsgs 32768
3.18e-05	3.19e-05	3.18e-05	3.39e-05	3.25e-05	3.39e-05	3.20e-05	3.41e-05	
Num Msgs 2
SizeMsgs 32768
3.45e-05	3.41e-05	3.43e-05	3.64e-05	3.50e-05	3.62e-05	3.52e-05	3.65e-05	
Num Msgs 4
SizeMsgs 32768
4.27e-05	4.22e-05	4.26e-05	4.38e-05	4.39e-05	4.36e-05	4.41e-05	4.39e-05	
Num Msgs 8
SizeMsgs 32768
6.14e-05	6.04e-05	6.09e-05	6.11e-05	6.33e-05	6.12e-05	6.34e-05	6.11e-05	
Num Msgs 16
SizeMsgs 32768
9.55e-05	9.57e-05	9.63e-05	9.67e-05	9.68e-05	9.70e-05	9.73e-05	9.72e-05	
Num Msgs 32
SizeMsgs 32768
1.35e-04	1.88e-04	2.64e-04	3.43e-04	3.45e-04	3.46e-04	3.48e-04	3.55e-04	
Num Msgs 64
SizeMsgs 32768
1.77e-04	2.38e-04	3.10e-04	4.01e-04	4.03e-04	4.03e-04	4.05e-04	4.08e-04	
Num Msgs 128
SizeMsgs 32768
3.53e-04	3.66e-04	4.07e-04	4.59e-04	4.61e-04	4.62e-04	4.61e-04	4.73e-04	
Num Msgs 256
SizeMsgs 32768
1.08e-03	1.10e-03	1.14e-03	1.17e-03	1.17e-03	1.17e-03	1.17e-03	1.18e-03	
Num Msgs 512
SizeMsgs 32768
3.87e-03	3.88e-03	3.90e-03	4.01e-03	3.94e-03	4.00e-03	3.98e-03	4.01e-03	
Num Msgs 1024
SizeMsgs 32768
1.46e-02	1.36e-02	1.50e-02	1.38e-02	1.51e-02	1.41e-02	1.51e-02	1.39e-02	
Num Msgs 2048
SizeMsgs 32768
5.57e-02	5.47e-02	5.64e-02	5.61e-02	5.73e-02	5.60e-02	5.75e-02	5.62e-02	
Num Msgs 4096
SizeMsgs 32768
2.17e-01	2.07e-01	2.19e-01	2.13e-01	2.23e-01	2.13e-01	2.23e-01	2.13e-01	
Num Msgs 8192
SizeMsgs 32768
9.77e-01	9.37e-01	9.78e-01	9.56e-01	9.92e-01	9.57e-01	9.92e-01	9.57e-01	
Num Msgs 16384
SizeMsgs 32768
4.65e+00	4.44e+00	4.67e+00	4.53e+00	4.72e+00	4.53e+00	4.72e+00	4.54e+00	

Num Msgs 1
SizeMsgs 65536
5.90e-05	5.93e-05	6.12e-05	6.20e-05	6.28e-05	6.17e-05	6.15e-05	6.23e-05	
Num Msgs 2
SizeMsgs 65536
6.03e-05	6.01e-05	6.17e-05	6.29e-05	6.32e-05	6.31e-05	6.30e-05	6.32e-05	
Num Msgs 4
SizeMsgs 65536
6.93e-05	6.85e-05	6.85e-05	7.15e-05	7.14e-05	7.14e-05	7.13e-05	7.14e-05	
Num Msgs 8
SizeMsgs 65536
8.56e-05	8.64e-05	8.67e-05	8.97e-05	8.96e-05	8.96e-05	8.96e-05	8.98e-05	
Num Msgs 16
SizeMsgs 65536
1.23e-04	1.24e-04	1.25e-04	1.28e-04	1.28e-04	1.28e-04	1.27e-04	1.27e-04	
Num Msgs 32
SizeMsgs 65536
1.96e-04	1.96e-04	1.98e-04	1.99e-04	1.99e-04	2.02e-04	1.99e-04	2.00e-04	
Num Msgs 64
SizeMsgs 65536
2.70e-04	3.58e-04	5.25e-04	6.84e-04	6.87e-04	6.85e-04	6.89e-04	7.02e-04	
Num Msgs 128
SizeMsgs 65536
4.55e-04	5.07e-04	6.08e-04	7.69e-04	7.74e-04	7.69e-04	7.79e-04	7.98e-04	
Num Msgs 256
SizeMsgs 65536
1.22e-03	1.27e-03	1.31e-03	1.36e-03	1.36e-03	1.37e-03	1.37e-03	1.38e-03	
Num Msgs 512
SizeMsgs 65536
3.94e-03	3.99e-03	4.04e-03	4.13e-03	4.14e-03	4.18e-03	4.18e-03	4.13e-03	
Num Msgs 1024
SizeMsgs 65536
1.49e-02	1.49e-02	1.50e-02	1.55e-02	1.55e-02	1.50e-02	1.55e-02	1.54e-02	
Num Msgs 2048
SizeMsgs 65536
5.57e-02	5.16e-02	5.65e-02	5.32e-02	5.75e-02	5.30e-02	5.76e-02	5.31e-02	
Num Msgs 4096
SizeMsgs 65536
2.17e-01	2.16e-01	2.19e-01	2.22e-01	2.23e-01	2.22e-01	2.23e-01	2.22e-01	
Num Msgs 8192
SizeMsgs 65536
9.76e-01	9.16e-01	9.78e-01	9.35e-01	9.92e-01	9.35e-01	9.92e-01	9.35e-01	
Num Msgs 16384
SizeMsgs 65536
4.65e+00	4.51e+00	4.68e+00	4.57e+00	4.72e+00	4.57e+00	4.72e+00	4.58e+00	
INFO: Job submitted to account: jq7
aprun: Apid 66139966: Caught signal Terminated, sending to application
_pmiu_daemon(SIGCHLD): [NID 20506] [c13-4c2s2n0] [Thu Apr  5 16:36:31 2018] PE RANK 8 exit signal Terminated

Pingpong for
master:  0, 1, 2, 3, 4, 5, 6, 7
partner: 8, 9, 10, 11, 12, 13, 14, 15

Num Msgs 1
SizeMsgs 1
1.32e-06	1.33e-06	1.34e-06	1.35e-06	1.34e-06	1.35e-06	1.35e-06	1.35e-06	

Num Msgs 1
SizeMsgs 2
1.33e-06	1.35e-06	1.38e-06	1.40e-06	1.42e-06	1.43e-06	1.43e-06	1.43e-06	
Num Msgs 2
SizeMsgs 2
2.49e-06	2.48e-06	2.50e-06	2.51e-06	2.52e-06	2.52e-06	2.53e-06	2.52e-06	

Num Msgs 1
SizeMsgs 4
1.73e-06	1.74e-06	1.77e-06	1.81e-06	1.81e-06	1.81e-06	1.81e-06	1.81e-06	
Num Msgs 2
SizeMsgs 4
2.50e-06	2.53e-06	2.54e-06	2.57e-06	2.56e-06	2.56e-06	2.56e-06	2.57e-06	
Num Msgs 4
SizeMsgs 4
4.42e-06	4.45e-06	4.48e-06	4.52e-06	4.53e-06	4.54e-06	4.54e-06	4.55e-06	

Num Msgs 1
SizeMsgs 8
1.81e-06	1.82e-06	1.83e-06	1.85e-06	1.85e-06	1.86e-06	1.86e-06	1.86e-06	
Num Msgs 2
SizeMsgs 8
3.17e-06	3.32e-06	3.38e-06	3.38e-06	3.40e-06	3.41e-06	3.46e-06	3.50e-06	
Num Msgs 4
SizeMsgs 8
4.30e-06	4.34e-06	4.38e-06	4.43e-06	4.45e-06	4.41e-06	4.42e-06	4.42e-06	
Num Msgs 8
SizeMsgs 8
8.29e-06	8.36e-06	8.43e-06	8.51e-06	8.52e-06	8.53e-06	8.54e-06	8.56e-06	

Num Msgs 1
SizeMsgs 16
2.13e-06	2.18e-06	2.21e-06	2.24e-06	2.24e-06	2.24e-06	2.25e-06	2.25e-06	
Num Msgs 2
SizeMsgs 16
2.92e-06	2.94e-06	2.97e-06	3.01e-06	3.01e-06	3.01e-06	3.02e-06	3.02e-06	
Num Msgs 4
SizeMsgs 16
4.94e-06	5.08e-06	5.19e-06	5.27e-06	5.29e-06	5.29e-06	5.31e-06	5.31e-06	
Num Msgs 8
SizeMsgs 16
8.17e-06	8.23e-06	8.30e-06	8.40e-06	8.39e-06	8.40e-06	8.41e-06	8.40e-06	
Num Msgs 16
SizeMsgs 16
2.15e-05	2.08e-05	2.11e-05	2.12e-05	2.10e-05	2.12e-05	2.10e-05	2.09e-05	

Num Msgs 1
SizeMsgs 32
2.21e-06	2.23e-06	2.27e-06	2.32e-06	2.32e-06	2.32e-06	2.32e-06	2.32e-06	
Num Msgs 2
SizeMsgs 32
3.24e-06	3.30e-06	3.34e-06	3.39e-06	3.39e-06	3.40e-06	3.40e-06	3.41e-06	
Num Msgs 4
SizeMsgs 32
4.90e-06	4.94e-06	5.02e-06	5.10e-06	5.09e-06	5.11e-06	5.10e-06	5.12e-06	
Num Msgs 8
SizeMsgs 32
9.28e-06	9.39e-06	9.50e-06	9.62e-06	9.63e-06	9.64e-06	9.65e-06	9.65e-06	
Num Msgs 16
SizeMsgs 32
1.45e-05	1.43e-05	1.45e-05	1.48e-05	1.47e-05	1.47e-05	1.48e-05	1.48e-05	
Num Msgs 32
SizeMsgs 32
2.82e-05	2.86e-05	2.89e-05	2.91e-05	2.91e-05	2.90e-05	2.93e-05	2.92e-05	

Num Msgs 1
SizeMsgs 64
2.33e-06	2.40e-06	2.50e-06	2.61e-06	2.63e-06	2.61e-06	2.61e-06	2.63e-06	
Num Msgs 2
SizeMsgs 64
3.21e-06	3.31e-06	3.38e-06	3.49e-06	3.48e-06	3.48e-06	3.48e-06	3.49e-06	
Num Msgs 4
SizeMsgs 64
5.21e-06	5.37e-06	5.46e-06	5.58e-06	5.58e-06	5.59e-06	5.60e-06	5.60e-06	
Num Msgs 8
SizeMsgs 64
8.70e-06	8.82e-06	9.00e-06	9.18e-06	9.19e-06	9.20e-06	9.22e-06	9.23e-06	
Num Msgs 16
SizeMsgs 64
1.50e-05	1.52e-05	1.55e-05	1.56e-05	1.59e-05	1.55e-05	1.57e-05	1.58e-05	
Num Msgs 32
SizeMsgs 64
2.89e-05	2.90e-05	2.91e-05	2.95e-05	2.93e-05	2.94e-05	2.93e-05	2.94e-05	
Num Msgs 64
SizeMsgs 64
5.65e-05	5.67e-05	5.73e-05	5.75e-05	5.76e-05	5.77e-05	5.80e-05	5.82e-05	

Num Msgs 1
SizeMsgs 128
2.96e-06	3.16e-06	3.43e-06	3.67e-06	3.68e-06	3.67e-06	3.67e-06	3.68e-06	
Num Msgs 2
SizeMsgs 128
3.55e-06	3.82e-06	4.11e-06	4.60e-06	4.61e-06	4.60e-06	4.61e-06	4.62e-06	
Num Msgs 4
SizeMsgs 128
5.25e-06	5.50e-06	5.66e-06	5.92e-06	5.93e-06	5.94e-06	5.95e-06	5.97e-06	
Num Msgs 8
SizeMsgs 128
8.86e-06	9.31e-06	9.55e-06	9.89e-06	9.92e-06	9.94e-06	9.86e-06	9.88e-06	
Num Msgs 16
SizeMsgs 128
1.51e-05	1.54e-05	1.59e-05	1.62e-05	1.61e-05	1.62e-05	1.61e-05	1.63e-05	
Num Msgs 32
SizeMsgs 128
2.99e-05	3.02e-05	3.02e-05	3.09e-05	3.09e-05	3.09e-05	3.10e-05	3.10e-05	
Num Msgs 64
SizeMsgs 128
5.72e-05	5.75e-05	5.82e-05	5.84e-05	5.85e-05	5.86e-05	5.89e-05	5.92e-05	
Num Msgs 128
SizeMsgs 128
2.14e-04	2.13e-04	2.13e-04	2.15e-04	2.15e-04	2.16e-04	2.18e-04	2.17e-04	

Num Msgs 1
SizeMsgs 256
3.48e-06	3.87e-06	4.31e-06	4.77e-06	4.77e-06	4.79e-06	4.78e-06	4.79e-06	
Num Msgs 2
SizeMsgs 256
4.33e-06	4.65e-06	5.01e-06	5.82e-06	5.82e-06	5.83e-06	5.83e-06	5.85e-06	
Num Msgs 4
SizeMsgs 256
5.39e-06	6.20e-06	7.01e-06	7.79e-06	7.78e-06	7.78e-06	7.79e-06	7.81e-06	
Num Msgs 8
SizeMsgs 256
9.28e-06	9.58e-06	1.02e-05	1.10e-05	1.10e-05	1.10e-05	1.08e-05	1.10e-05	
Num Msgs 16
SizeMsgs 256
1.61e-05	1.63e-05	1.68e-05	1.74e-05	1.72e-05	1.73e-05	1.73e-05	1.78e-05	
Num Msgs 32
SizeMsgs 256
3.08e-05	3.15e-05	3.19e-05	3.25e-05	3.29e-05	3.28e-05	3.28e-05	3.27e-05	
Num Msgs 64
SizeMsgs 256
6.17e-05	6.20e-05	6.26e-05	6.32e-05	6.34e-05	6.35e-05	6.39e-05	6.40e-05	
Num Msgs 128
SizeMsgs 256
2.14e-04	2.14e-04	2.15e-04	2.16e-04	2.16e-04	2.18e-04	2.18e-04	2.19e-04	
Num Msgs 256
SizeMsgs 256
9.60e-04	9.61e-04	9.64e-04	9.67e-04	9.83e-04	9.87e-04	9.73e-04	1.00e-03	

Num Msgs 1
SizeMsgs 512
4.66e-06	5.12e-06	6.29e-06	7.30e-06	7.30e-06	7.31e-06	7.33e-06	7.36e-06	
Num Msgs 2
SizeMsgs 512
5.86e-06	6.34e-06	7.14e-06	8.30e-06	8.25e-06	8.26e-06	8.27e-06	8.30e-06	
Num Msgs 4
SizeMsgs 512
7.60e-06	8.28e-06	9.37e-06	1.10e-05	1.10e-05	1.10e-05	1.10e-05	1.10e-05	
Num Msgs 8
SizeMsgs 512
1.01e-05	1.12e-05	1.28e-05	1.48e-05	1.48e-05	1.48e-05	1.48e-05	1.48e-05	
Num Msgs 16
SizeMsgs 512
1.69e-05	1.71e-05	1.90e-05	2.02e-05	2.02e-05	2.03e-05	2.04e-05	2.03e-05	
Num Msgs 32
SizeMsgs 512
3.18e-05	3.18e-05	3.31e-05	3.40e-05	3.35e-05	3.40e-05	3.38e-05	3.42e-05	
Num Msgs 64
SizeMsgs 512
6.11e-05	6.14e-05	6.21e-05	6.36e-05	6.37e-05	6.38e-05	6.39e-05	6.42e-05	
Num Msgs 128
SizeMsgs 512
2.20e-04	2.20e-04	2.22e-04	2.22e-04	2.23e-04	2.24e-04	2.26e-04	2.27e-04	
Num Msgs 256
SizeMsgs 512
9.62e-04	9.68e-04	9.68e-04	9.71e-04	9.86e-04	9.85e-04	9.77e-04	1.01e-03	
Num Msgs 512
SizeMsgs 512
3.71e-03	3.74e-03	3.77e-03	3.83e-03	3.84e-03	3.86e-03	3.86e-03	3.85e-03	

Num Msgs 1
SizeMsgs 1024
7.31e-06	8.09e-06	9.98e-06	1.18e-05	1.18e-05	1.18e-05	1.18e-05	1.19e-05	
Num Msgs 2
SizeMsgs 1024
7.61e-06	8.75e-06	1.06e-05	1.29e-05	1.29e-05	1.29e-05	1.29e-05	1.31e-05	
Num Msgs 4
SizeMsgs 1024
9.47e-06	1.10e-05	1.34e-05	1.61e-05	1.61e-05	1.61e-05	1.61e-05	1.63e-05	
Num Msgs 8
SizeMsgs 1024
1.41e-05	1.54e-05	1.80e-05	2.15e-05	2.15e-05	2.15e-05	2.15e-05	2.16e-05	
Num Msgs 16
SizeMsgs 1024
1.93e-05	2.05e-05	2.36e-05	2.84e-05	2.82e-05	2.82e-05	2.84e-05	2.85e-05	
Num Msgs 32
SizeMsgs 1024
3.38e-05	3.43e-05	3.61e-05	3.72e-05	3.73e-05	3.74e-05	3.76e-05	3.74e-05	
Num Msgs 64
SizeMsgs 1024
6.24e-05	6.52e-05	6.60e-05	6.69e-05	6.71e-05	6.73e-05	6.75e-05	6.77e-05	
Num Msgs 128
SizeMsgs 1024
2.19e-04	2.24e-04	2.26e-04	2.27e-04	2.27e-04	2.28e-04	2.28e-04	2.28e-04	
Num Msgs 256
SizeMsgs 1024
9.73e-04	9.83e-04	9.87e-04	9.89e-04	9.90e-04	1.02e-03	9.92e-04	1.01e-03	
Num Msgs 512
SizeMsgs 1024
3.72e-03	3.76e-03	3.77e-03	3.88e-03	3.85e-03	3.85e-03	3.86e-03	3.86e-03	
Num Msgs 1024
SizeMsgs 1024
1.46e-02	1.47e-02	1.46e-02	1.49e-02	1.51e-02	1.49e-02	1.49e-02	1.51e-02	

Num Msgs 1
SizeMsgs 2048
5.38e-06	5.53e-06	5.54e-06	5.57e-06	5.56e-06	5.57e-06	5.58e-06	5.58e-06	
Num Msgs 2
SizeMsgs 2048
1.15e-05	1.36e-05	1.72e-05	2.16e-05	2.16e-05	2.16e-05	2.17e-05	2.23e-05	
Num Msgs 4
SizeMsgs 2048
1.28e-05	1.60e-05	2.06e-05	2.55e-05	2.55e-05	2.55e-05	2.56e-05	2.59e-05	
Num Msgs 8
SizeMsgs 2048
1.85e-05	2.08e-05	2.58e-05	3.17e-05	3.17e-05	3.17e-05	3.18e-05	3.21e-05	
Num Msgs 16
SizeMsgs 2048
2.51e-05	2.86e-05	3.46e-05	4.17e-05	4.19e-05	4.24e-05	4.26e-05	4.24e-05	
Num Msgs 32
SizeMsgs 2048
3.71e-05	3.99e-05	4.64e-05	5.52e-05	5.50e-05	5.48e-05	5.53e-05	5.49e-05	
Num Msgs 64
SizeMsgs 2048
6.43e-05	6.54e-05	7.61e-05	7.83e-05	7.87e-05	7.87e-05	7.93e-05	7.89e-05	
Num Msgs 128
SizeMsgs 2048
2.22e-04	2.23e-04	2.29e-04	2.31e-04	2.31e-04	2.31e-04	2.33e-04	2.32e-04	
Num Msgs 256
SizeMsgs 2048
9.68e-04	9.72e-04	9.82e-04	9.85e-04	9.99e-04	1.00e-03	9.87e-04	1.02e-03	
Num Msgs 512
SizeMsgs 2048
3.75e-03	3.77e-03	3.79e-03	3.89e-03	3.88e-03	3.90e-03	3.90e-03	3.90e-03	
Num Msgs 1024
SizeMsgs 2048
1.46e-02	1.35e-02	1.49e-02	1.36e-02	1.51e-02	1.41e-02	1.48e-02	1.40e-02	
Num Msgs 2048
SizeMsgs 2048
5.67e-02	5.70e-02	5.74e-02	5.85e-02	5.83e-02	5.83e-02	5.84e-02	5.84e-02	

Num Msgs 1
SizeMsgs 4096
6.87e-06	7.01e-06	7.03e-06	7.13e-06	7.13e-06	7.15e-06	7.15e-06	7.17e-06	
Num Msgs 2
SizeMsgs 4096
1.08e-05	1.08e-05	1.09e-05	1.09e-05	1.09e-05	1.09e-05	1.09e-05	1.10e-05	
Num Msgs 4
SizeMsgs 4096
1.97e-05	2.55e-05	3.39e-05	4.30e-05	4.30e-05	4.30e-05	4.32e-05	4.38e-05	
Num Msgs 8
SizeMsgs 4096
2.40e-05	3.07e-05	4.03e-05	5.08e-05	5.08e-05	5.09e-05	5.10e-05	5.17e-05	
Num Msgs 16
SizeMsgs 4096
3.50e-05	4.04e-05	5.08e-05	6.26e-05	6.28e-05	6.26e-05	6.29e-05	6.41e-05	
Num Msgs 32
SizeMsgs 4096
4.46e-05	5.18e-05	6.54e-05	8.17e-05	8.16e-05	8.14e-05	8.16e-05	8.18e-05	
Num Msgs 64
SizeMsgs 4096
7.41e-05	7.77e-05	8.92e-05	1.02e-04	1.03e-04	1.03e-04	1.04e-04	1.03e-04	
Num Msgs 128
SizeMsgs 4096
2.27e-04	2.30e-04	2.34e-04	2.38e-04	2.37e-04	2.39e-04	2.39e-04	2.41e-04	
Num Msgs 256
SizeMsgs 4096
9.75e-04	9.82e-04	9.91e-04	9.94e-04	9.96e-04	1.01e-03	1.01e-03	1.01e-03	
Num Msgs 512
SizeMsgs 4096
3.73e-03	3.75e-03	3.80e-03	3.88e-03	3.89e-03	3.89e-03	3.90e-03	3.90e-03	
Num Msgs 1024
SizeMsgs 4096
1.46e-02	1.36e-02	1.47e-02	1.39e-02	1.52e-02	1.39e-02	1.50e-02	1.41e-02	
Num Msgs 2048
SizeMsgs 4096
5.55e-02	5.45e-02	5.63e-02	5.61e-02	5.72e-02	5.61e-02	5.73e-02	5.60e-02	
Num Msgs 4096
SizeMsgs 4096
2.19e-01	2.14e-01	2.21e-01	2.20e-01	2.25e-01	2.19e-01	2.25e-01	2.19e-01	

Num Msgs 1
SizeMsgs 8192
1.01e-05	1.03e-05	1.04e-05	1.06e-05	1.06e-05	1.06e-05	1.06e-05	1.06e-05	
Num Msgs 2
SizeMsgs 8192
1.41e-05	1.42e-05	1.44e-05	1.47e-05	1.47e-05	1.47e-05	1.47e-05	1.47e-05	
Num Msgs 4
SizeMsgs 8192
2.20e-05	2.21e-05	2.24e-05	2.25e-05	2.25e-05	2.25e-05	2.25e-05	2.26e-05	
Num Msgs 8
SizeMsgs 8192
3.65e-05	4.86e-05	6.67e-05	8.60e-05	8.60e-05	8.61e-05	8.63e-05	8.77e-05	
Num Msgs 16
SizeMsgs 8192
4.60e-05	6.05e-05	7.98e-05	1.02e-04	1.02e-04	1.02e-04	1.02e-04	1.04e-04	
Num Msgs 32
SizeMsgs 8192
6.19e-05	7.53e-05	9.67e-05	1.24e-04	1.24e-04	1.25e-04	1.24e-04	1.26e-04	
Num Msgs 64
SizeMsgs 8192
9.00e-05	9.65e-05	1.22e-04	1.53e-04	1.51e-04	1.50e-04	1.53e-04	1.56e-04	
Num Msgs 128
SizeMsgs 8192
2.47e-04	2.53e-04	2.71e-04	2.80e-04	2.79e-04	2.82e-04	2.83e-04	2.83e-04	
Num Msgs 256
SizeMsgs 8192
9.83e-04	9.92e-04	1.01e-03	1.01e-03	1.01e-03	1.03e-03	1.03e-03	1.02e-03	
Num Msgs 512
SizeMsgs 8192
3.74e-03	3.77e-03	3.81e-03	3.90e-03	3.89e-03	3.91e-03	3.91e-03	3.91e-03	
Num Msgs 1024
SizeMsgs 8192
1.46e-02	1.36e-02	1.50e-02	1.37e-02	1.50e-02	1.41e-02	1.50e-02	1.39e-02	
Num Msgs 2048
SizeMsgs 8192
5.57e-02	5.47e-02	5.65e-02	5.62e-02	5.74e-02	5.61e-02	5.74e-02	5.61e-02	
Num Msgs 4096
SizeMsgs 8192
2.16e-01	2.10e-01	2.19e-01	2.16e-01	2.23e-01	2.16e-01	2.23e-01	2.16e-01	
Num Msgs 8192
SizeMsgs 8192
9.78e-01	9.49e-01	9.82e-01	9.67e-01	9.93e-01	9.65e-01	9.94e-01	9.66e-01	

Num Msgs 1
SizeMsgs 16384
1.82e-05	1.81e-05	1.80e-05	1.79e-05	1.84e-05	1.98e-05	1.78e-05	1.78e-05	
Num Msgs 2
SizeMsgs 16384
2.10e-05	2.09e-05	2.10e-05	2.11e-05	2.17e-05	2.28e-05	2.12e-05	2.10e-05	
Num Msgs 4
SizeMsgs 16384
2.92e-05	2.93e-05	2.94e-05	2.95e-05	2.94e-05	3.00e-05	3.14e-05	2.95e-05	
Num Msgs 8
SizeMsgs 16384
4.64e-05	4.64e-05	4.67e-05	4.68e-05	4.69e-05	4.69e-05	4.69e-05	4.70e-05	
Num Msgs 16
SizeMsgs 16384
6.96e-05	9.57e-05	1.32e-04	1.72e-04	1.73e-04	1.73e-04	1.74e-04	1.76e-04	
Num Msgs 32
SizeMsgs 16384
8.83e-05	1.18e-04	1.59e-04	2.02e-04	2.02e-04	2.02e-04	2.03e-04	2.08e-04	
Num Msgs 64
SizeMsgs 16384
1.26e-04	1.43e-04	1.85e-04	2.42e-04	2.42e-04	2.43e-04	2.42e-04	2.46e-04	
Num Msgs 128
SizeMsgs 16384
2.82e-04	2.88e-04	3.13e-04	3.37e-04	3.36e-04	3.38e-04	3.36e-04	3.41e-04	
Num Msgs 256
SizeMsgs 16384
1.03e-03	1.05e-03	1.06e-03	1.06e-03	1.07e-03	1.07e-03	1.08e-03	1.08e-03	
Num Msgs 512
SizeMsgs 16384
3.76e-03	3.78e-03	3.83e-03	3.91e-03	3.91e-03	3.92e-03	3.94e-03	3.94e-03	
Num Msgs 1024
SizeMsgs 16384
1.46e-02	1.36e-02	1.50e-02	1.36e-02	1.52e-02	1.41e-02	1.50e-02	1.39e-02	
Num Msgs 2048
SizeMsgs 16384
5.56e-02	5.46e-02	5.62e-02	5.59e-02	5.74e-02	5.61e-02	5.73e-02	5.60e-02	
Num Msgs 4096
SizeMsgs 16384
2.17e-01	2.07e-01	2.19e-01	2.13e-01	2.23e-01	2.13e-01	2.23e-01	2.13e-01	
Num Msgs 8192
SizeMsgs 16384
9.74e-01	9.53e-01	9.78e-01	9.71e-01	9.92e-01	9.71e-01	9.92e-01	9.71e-01	
Num Msgs 16384
SizeMsgs 16384
4.59e+00	4.37e+00	4.66e+00	4.48e+00	4.70e+00	4.47e+00	4.70e+00	4.48e+00	

Num Msgs 1
SizeMsgs 32768
3.21e-05	3.17e-05	3.17e-05	3.41e-05	3.17e-05	3.37e-05	3.20e-05	3.41e-05	
Num Msgs 2
SizeMsgs 32768
3.45e-05	3.42e-05	3.42e-05	3.63e-05	3.48e-05	3.63e-05	3.48e-05	3.63e-05	
Num Msgs 4
SizeMsgs 32768
4.26e-05	4.24e-05	4.25e-05	4.39e-05	4.39e-05	4.38e-05	4.40e-05	4.38e-05	
Num Msgs 8
SizeMsgs 32768
6.11e-05	6.05e-05	6.08e-05	6.09e-05	6.34e-05	6.10e-05	6.32e-05	6.14e-05	
Num Msgs 16
SizeMsgs 32768
9.54e-05	9.56e-05	9.61e-05	9.68e-05	9.72e-05	9.70e-05	9.73e-05	9.75e-05	
Num Msgs 32
SizeMsgs 32768
1.35e-04	1.87e-04	2.65e-04	3.43e-04	3.46e-04	3.46e-04	3.46e-04	3.55e-04	
Num Msgs 64
SizeMsgs 32768
1.77e-04	2.38e-04	3.09e-04	4.03e-04	4.02e-04	4.03e-04	4.04e-04	4.08e-04	
Num Msgs 128
SizeMsgs 32768
3.53e-04	3.66e-04	4.08e-04	4.66e-04	4.62e-04	4.67e-04	4.60e-04	4.74e-04	
Num Msgs 256
SizeMsgs 32768
1.08e-03	1.10e-03	1.14e-03	1.17e-03	1.17e-03	1.18e-03	1.18e-03	1.18e-03	
Num Msgs 512
SizeMsgs 32768
3.87e-03	3.89e-03	3.92e-03	3.99e-03	4.00e-03	3.99e-03	4.01e-03	4.01e-03	
Num Msgs 1024
SizeMsgs 32768
1.46e-02	1.36e-02	1.51e-02	1.37e-02	1.53e-02	1.42e-02	1.51e-02	1.40e-02	
Num Msgs 2048
SizeMsgs 32768
5.56e-02	5.46e-02	5.66e-02	5.61e-02	5.76e-02	5.62e-02	5.75e-02	5.62e-02	
Num Msgs 4096
SizeMsgs 32768
2.17e-01	2.07e-01	2.19e-01	2.13e-01	2.23e-01	2.13e-01	2.23e-01	2.13e-01	
Num Msgs 8192
SizeMsgs 32768
9.75e-01	9.38e-01	9.79e-01	9.56e-01	9.92e-01	9.56e-01	9.92e-01	9.56e-01	
Num Msgs 16384
SizeMsgs 32768
4.58e+00	4.41e+00	4.65e+00	4.47e+00	4.70e+00	4.47e+00	4.70e+00	4.48e+00	

Num Msgs 1
SizeMsgs 65536
5.94e-05	5.89e-05	6.13e-05	6.19e-05	6.17e-05	6.15e-05	6.14e-05	6.27e-05	
Num Msgs 2
SizeMsgs 65536
6.04e-05	6.04e-05	6.16e-05	6.31e-05	6.31e-05	6.32e-05	6.31e-05	6.31e-05	
Num Msgs 4
SizeMsgs 65536
6.96e-05	6.88e-05	6.89e-05	7.15e-05	7.15e-05	7.16e-05	7.17e-05	7.19e-05	
Num Msgs 8
SizeMsgs 65536
8.74e-05	8.70e-05	8.71e-05	8.97e-05	8.97e-05	8.98e-05	8.98e-05	8.95e-05	
Num Msgs 16
SizeMsgs 65536
1.24e-04	1.25e-04	1.26e-04	1.28e-04	1.29e-04	1.28e-04	1.27e-04	1.28e-04	
Num Msgs 32
SizeMsgs 65536
1.96e-04	1.97e-04	1.99e-04	2.00e-04	2.00e-04	2.02e-04	2.00e-04	2.00e-04	
Num Msgs 64
SizeMsgs 65536
2.70e-04	3.58e-04	5.25e-04	6.85e-04	6.85e-04	6.89e-04	6.89e-04	7.04e-04	
Num Msgs 128
SizeMsgs 65536
4.54e-04	5.05e-04	6.02e-04	7.77e-04	7.68e-04	7.70e-04	7.68e-04	7.86e-04	
Num Msgs 256
SizeMsgs 65536
1.22e-03	1.27e-03	1.32e-03	1.38e-03	1.38e-03	1.39e-03	1.38e-03	1.38e-03	
Num Msgs 512
SizeMsgs 65536
3.94e-03	4.00e-03	4.04e-03	4.16e-03	4.14e-03	4.15e-03	4.17e-03	4.18e-03	
Num Msgs 1024
SizeMsgs 65536
1.50e-02	1.49e-02	1.51e-02	1.52e-02	1.55e-02	1.51e-02	1.53e-02	1.55e-02	
Num Msgs 2048
SizeMsgs 65536
5.57e-02	5.17e-02	5.65e-02	5.32e-02	5.76e-02	5.32e-02	5.78e-02	5.32e-02	
Num Msgs 4096
SizeMsgs 65536
2.17e-01	2.16e-01	2.19e-01	2.22e-01	2.24e-01	2.22e-01	2.24e-01	2.22e-01	
Num Msgs 8192
SizeMsgs 65536
9.75e-01	9.16e-01	9.79e-01	9.35e-01	9.92e-01	9.35e-01	9.92e-01	9.35e-01	
Num Msgs 16384
SizeMsgs 65536
4.58e+00	4.44e+00	4.65e+00	4.52e+00	4.70e+00	4.52e+00	4.70e+00	4.52e+00	
INFO: Job submitted to account: jq7
aprun: Apid 66139968: Caught signal Terminated, sending to application
_pmiu_daemon(SIGCHLD): [NID 20507] [c13-4c2s2n1] [Thu Apr  5 16:36:30 2018] PE RANK 4 exit signal Terminated

Pingpong for
master:  0, 1, 2, 3, 4, 5, 6, 7
partner: 8, 9, 10, 11, 12, 13, 14, 15

Num Msgs 1
SizeMsgs 1
1.31e-06	1.32e-06	1.32e-06	1.33e-06	1.33e-06	1.33e-06	1.33e-06	1.33e-06	

Num Msgs 1
SizeMsgs 2
1.32e-06	1.33e-06	1.34e-06	1.35e-06	1.35e-06	1.35e-06	1.35e-06	1.38e-06	
Num Msgs 2
SizeMsgs 2
2.48e-06	2.48e-06	2.50e-06	2.52e-06	2.51e-06	2.54e-06	2.52e-06	2.53e-06	

Num Msgs 1
SizeMsgs 4
1.73e-06	1.76e-06	1.77e-06	1.81e-06	1.81e-06	1.82e-06	1.82e-06	1.82e-06	
Num Msgs 2
SizeMsgs 4
2.50e-06	2.52e-06	2.54e-06	2.56e-06	2.56e-06	2.56e-06	2.56e-06	2.57e-06	
Num Msgs 4
SizeMsgs 4
4.33e-06	4.37e-06	4.43e-06	4.48e-06	4.48e-06	4.57e-06	4.49e-06	4.49e-06	

Num Msgs 1
SizeMsgs 8
1.79e-06	1.81e-06	1.82e-06	1.84e-06	1.84e-06	1.84e-06	1.84e-06	1.85e-06	
Num Msgs 2
SizeMsgs 8
3.28e-06	3.37e-06	3.39e-06	3.40e-06	3.36e-06	3.40e-06	3.47e-06	3.50e-06	
Num Msgs 4
SizeMsgs 8
4.29e-06	4.31e-06	4.36e-06	4.41e-06	4.43e-06	4.44e-06	4.44e-06	4.45e-06	
Num Msgs 8
SizeMsgs 8
8.25e-06	8.32e-06	8.38e-06	8.48e-06	8.49e-06	8.49e-06	8.51e-06	8.53e-06	

Num Msgs 1
SizeMsgs 16
2.12e-06	2.17e-06	2.20e-06	2.23e-06	2.23e-06	2.23e-06	2.24e-06	2.24e-06	
Num Msgs 2
SizeMsgs 16
2.90e-06	2.93e-06	2.96e-06	2.99e-06	3.00e-06	3.00e-06	3.00e-06	3.02e-06	
Num Msgs 4
SizeMsgs 16
4.96e-06	5.07e-06	5.18e-06	5.29e-06	5.29e-06	5.31e-06	5.31e-06	5.32e-06	
Num Msgs 8
SizeMsgs 16
8.15e-06	8.22e-06	8.28e-06	8.37e-06	8.37e-06	8.40e-06	8.40e-06	8.39e-06	
Num Msgs 16
SizeMsgs 16
2.12e-05	2.07e-05	2.12e-05	2.13e-05	2.10e-05	2.10e-05	2.10e-05	2.11e-05	

Num Msgs 1
SizeMsgs 32
2.18e-06	2.22e-06	2.24e-06	2.29e-06	2.30e-06	2.30e-06	2.30e-06	2.30e-06	
Num Msgs 2
SizeMsgs 32
3.22e-06	3.31e-06	3.35e-06	3.41e-06	3.41e-06	3.42e-06	3.42e-06	3.41e-06	
Num Msgs 4
SizeMsgs 32
4.96e-06	5.02e-06	5.08e-06	5.14e-06	5.16e-06	5.15e-06	5.17e-06	5.17e-06	
Num Msgs 8
SizeMsgs 32
9.30e-06	9.37e-06	9.46e-06	9.59e-06	9.61e-06	9.60e-06	9.60e-06	9.62e-06	
Num Msgs 16
SizeMsgs 32
1.43e-05	1.44e-05	1.46e-05	1.47e-05	1.49e-05	1.46e-05	1.48e-05	1.50e-05	
Num Msgs 32
SizeMsgs 32
2.84e-05	2.87e-05	2.88e-05	2.90e-05	2.91e-05	2.90e-05	2.89e-05	2.90e-05	

Num Msgs 1
SizeMsgs 64
2.31e-06	2.38e-06	2.48e-06	2.67e-06	2.68e-06	2.67e-06	2.68e-06	2.67e-06	
Num Msgs 2
SizeMsgs 64
3.19e-06	3.31e-06	3.39e-06	3.47e-06	3.47e-06	3.48e-06	3.48e-06	3.48e-06	
Num Msgs 4
SizeMsgs 64
5.10e-06	5.31e-06	5.41e-06	5.50e-06	5.52e-06	5.52e-06	5.49e-06	5.51e-06	
Num Msgs 8
SizeMsgs 64
8.60e-06	8.76e-06	8.92e-06	9.11e-06	9.11e-06	9.13e-06	9.14e-06	9.15e-06	
Num Msgs 16
SizeMsgs 64
1.51e-05	1.51e-05	1.53e-05	1.56e-05	1.56e-05	1.56e-05	1.56e-05	1.57e-05	
Num Msgs 32
SizeMsgs 64
2.86e-05	2.88e-05	2.90e-05	2.93e-05	2.94e-05	2.92e-05	2.93e-05	2.95e-05	
Num Msgs 64
SizeMsgs 64
5.65e-05	5.66e-05	5.71e-05	5.73e-05	5.74e-05	5.77e-05	5.79e-05	5.84e-05	

Num Msgs 1
SizeMsgs 128
2.65e-06	2.95e-06	3.21e-06	3.63e-06	3.64e-06	3.63e-06	3.64e-06	3.64e-06	
Num Msgs 2
SizeMsgs 128
3.51e-06	3.86e-06	4.10e-06	4.41e-06	4.43e-06	4.44e-06	4.45e-06	4.46e-06	
Num Msgs 4
SizeMsgs 128
5.25e-06	5.45e-06	5.77e-06	5.94e-06	5.95e-06	5.96e-06	5.96e-06	5.98e-06	
Num Msgs 8
SizeMsgs 128
9.03e-06	9.25e-06	9.45e-06	9.75e-06	9.76e-06	9.77e-06	9.82e-06	9.83e-06	
Num Msgs 16
SizeMsgs 128
1.54e-05	1.57e-05	1.58e-05	1.60e-05	1.61e-05	1.61e-05	1.61e-05	1.63e-05	
Num Msgs 32
SizeMsgs 128
2.99e-05	3.01e-05	3.02e-05	3.09e-05	3.09e-05	3.10e-05	3.10e-05	3.10e-05	
Num Msgs 64
SizeMsgs 128
5.73e-05	5.75e-05	5.79e-05	6.38e-05	5.84e-05	5.85e-05	5.89e-05	5.91e-05	
Num Msgs 128
SizeMsgs 128
2.14e-04	2.13e-04	2.14e-04	2.15e-04	2.16e-04	2.18e-04	2.20e-04	2.19e-04	

Num Msgs 1
SizeMsgs 256
3.47e-06	3.87e-06	4.35e-06	4.76e-06	4.75e-06	4.76e-06	4.76e-06	4.78e-06	
Num Msgs 2
SizeMsgs 256
4.43e-06	4.76e-06	5.15e-06	5.74e-06	5.75e-06	5.75e-06	5.76e-06	5.77e-06	
Num Msgs 4
SizeMsgs 256
5.53e-06	6.23e-06	6.92e-06	7.68e-06	7.68e-06	7.66e-06	7.72e-06	7.73e-06	
Num Msgs 8
SizeMsgs 256
9.33e-06	9.57e-06	1.04e-05	1.10e-05	1.10e-05	1.10e-05	1.10e-05	1.10e-05	
Num Msgs 16
SizeMsgs 256
1.61e-05	1.63e-05	1.68e-05	1.73e-05	1.73e-05	1.73e-05	1.73e-05	1.74e-05	
Num Msgs 32
SizeMsgs 256
3.10e-05	3.13e-05	3.17e-05	3.24e-05	3.23e-05	3.23e-05	3.23e-05	3.24e-05	
Num Msgs 64
SizeMsgs 256
6.16e-05	6.19e-05	6.24e-05	6.33e-05	6.34e-05	6.34e-05	6.37e-05	6.40e-05	
Num Msgs 128
SizeMsgs 256
2.14e-04	2.14e-04	2.14e-04	2.16e-04	2.16e-04	2.18e-04	2.19e-04	2.19e-04	
Num Msgs 256
SizeMsgs 256
9.59e-04	9.62e-04	9.63e-04	9.70e-04	9.92e-04	9.79e-04	9.75e-04	1.00e-03	

Num Msgs 1
SizeMsgs 512
4.70e-06	5.39e-06	6.35e-06	7.26e-06	7.28e-06	7.28e-06	7.28e-06	7.32e-06	
Num Msgs 2
SizeMsgs 512
5.85e-06	6.33e-06	7.12e-06	8.22e-06	8.16e-06	8.17e-06	8.18e-06	8.22e-06	
Num Msgs 4
SizeMsgs 512
7.53e-06	8.25e-06	9.40e-06	1.09e-05	1.10e-05	1.10e-05	1.10e-05	1.10e-05	
Num Msgs 8
SizeMsgs 512
1.02e-05	1.12e-05	1.28e-05	1.46e-05	1.46e-05	1.46e-05	1.46e-05	1.47e-05	
Num Msgs 16
SizeMsgs 512
1.67e-05	1.71e-05	1.90e-05	2.03e-05	2.02e-05	2.04e-05	2.01e-05	2.03e-05	
Num Msgs 32
SizeMsgs 512
3.18e-05	3.19e-05	3.30e-05	3.35e-05	3.38e-05	3.39e-05	3.38e-05	3.39e-05	
Num Msgs 64
SizeMsgs 512
6.09e-05	6.14e-05	6.22e-05	6.35e-05	6.36e-05	6.37e-05	6.37e-05	6.41e-05	
Num Msgs 128
SizeMsgs 512
2.20e-04	2.20e-04	2.22e-04	2.22e-04	2.23e-04	2.24e-04	2.25e-04	2.26e-04	
Num Msgs 256
SizeMsgs 512
9.61e-04	9.66e-04	9.67e-04	9.72e-04	9.87e-04	9.87e-04	9.77e-04	9.97e-04	
Num Msgs 512
SizeMsgs 512
3.72e-03	3.73e-03	3.75e-03	3.84e-03	3.85e-03	3.84e-03	3.85e-03	3.84e-03	

Num Msgs 1
SizeMsgs 1024
7.33e-06	8.28e-06	1.00e-05	1.17e-05	1.18e-05	1.18e-05	1.18e-05	1.18e-05	
Num Msgs 2
SizeMsgs 1024
7.59e-06	8.71e-06	1.06e-05	1.29e-05	1.29e-05	1.29e-05	1.29e-05	1.31e-05	
Num Msgs 4
SizeMsgs 1024
9.42e-06	1.09e-05	1.33e-05	1.61e-05	1.61e-05	1.61e-05	1.61e-05	1.63e-05	
Num Msgs 8
SizeMsgs 1024
1.39e-05	1.52e-05	1.80e-05	2.15e-05	2.15e-05	2.15e-05	2.15e-05	2.16e-05	
Num Msgs 16
SizeMsgs 1024
1.89e-05	2.04e-05	2.35e-05	2.80e-05	2.80e-05	2.82e-05	2.83e-05	2.85e-05	
Num Msgs 32
SizeMsgs 1024
3.38e-05	3.43e-05	3.59e-05	3.73e-05	3.71e-05	3.71e-05	3.74e-05	3.75e-05	
Num Msgs 64
SizeMsgs 1024
6.25e-05	6.35e-05	6.42e-05	6.59e-05	6.60e-05	6.61e-05	6.63e-05	6.64e-05	
Num Msgs 128
SizeMsgs 1024
2.19e-04	2.23e-04	2.22e-04	2.24e-04	2.24e-04	2.26e-04	2.26e-04	2.27e-04	
Num Msgs 256
SizeMsgs 1024
9.73e-04	9.83e-04	9.87e-04	9.88e-04	9.96e-04	1.01e-03	9.91e-04	1.01e-03	
Num Msgs 512
SizeMsgs 1024
3.72e-03	3.75e-03	3.76e-03	3.84e-03	3.85e-03	3.84e-03	3.85e-03	3.85e-03	
Num Msgs 1024
SizeMsgs 1024
1.46e-02	1.46e-02	1.46e-02	1.49e-02	1.51e-02	1.49e-02	1.49e-02	1.51e-02	

Num Msgs 1
SizeMsgs 2048
5.39e-06	5.42e-06	5.43e-06	5.46e-06	5.46e-06	5.47e-06	5.48e-06	5.51e-06	
Num Msgs 2
SizeMsgs 2048
1.14e-05	1.35e-05	1.72e-05	2.15e-05	2.15e-05	2.15e-05	2.16e-05	2.23e-05	
Num Msgs 4
SizeMsgs 2048
1.28e-05	1.61e-05	2.06e-05	2.54e-05	2.54e-05	2.54e-05	2.55e-05	2.58e-05	
Num Msgs 8
SizeMsgs 2048
1.84e-05	2.07e-05	2.57e-05	3.16e-05	3.16e-05	3.16e-05	3.17e-05	3.21e-05	
Num Msgs 16
SizeMsgs 2048
2.51e-05	2.84e-05	3.41e-05	4.18e-05	4.20e-05	4.26e-05	4.19e-05	4.26e-05	
Num Msgs 32
SizeMsgs 2048
3.63e-05	3.89e-05	4.52e-05	5.43e-05	5.39e-05	5.40e-05	5.46e-05	5.54e-05	
Num Msgs 64
SizeMsgs 2048
6.43e-05	6.53e-05	7.65e-05	7.91e-05	7.94e-05	7.96e-05	7.92e-05	7.97e-05	
Num Msgs 128
SizeMsgs 2048
2.22e-04	2.23e-04	2.25e-04	2.26e-04	2.27e-04	2.27e-04	2.29e-04	2.30e-04	
Num Msgs 256
SizeMsgs 2048
9.68e-04	9.73e-04	9.79e-04	9.81e-04	9.95e-04	9.98e-04	9.85e-04	9.99e-04	
Num Msgs 512
SizeMsgs 2048
3.75e-03	3.77e-03	3.79e-03	3.89e-03	3.88e-03	3.89e-03	3.88e-03	3.88e-03	
Num Msgs 1024
SizeMsgs 2048
1.46e-02	1.35e-02	1.47e-02	1.38e-02	1.51e-02	1.38e-02	1.49e-02	1.40e-02	
Num Msgs 2048
SizeMsgs 2048
5.67e-02	5.70e-02	5.74e-02	5.84e-02	5.83e-02	5.83e-02	5.84e-02	5.83e-02	

Num Msgs 1
SizeMsgs 4096
6.89e-06	6.96e-06	6.99e-06	7.09e-06	7.09e-06	7.12e-06	7.16e-06	7.18e-06	
Num Msgs 2
SizeMsgs 4096
1.07e-05	1.08e-05	1.08e-05	1.09e-05	1.09e-05	1.09e-05	1.09e-05	1.09e-05	
Num Msgs 4
SizeMsgs 4096
1.96e-05	2.54e-05	3.38e-05	4.28e-05	4.28e-05	4.28e-05	4.30e-05	4.36e-05	
Num Msgs 8
SizeMsgs 4096
2.38e-05	3.09e-05	4.02e-05	5.07e-05	5.07e-05	5.07e-05	5.09e-05	5.16e-05	
Num Msgs 16
SizeMsgs 4096
3.48e-05	4.02e-05	5.01e-05	6.26e-05	6.28e-05	6.26e-05	6.27e-05	6.41e-05	
Num Msgs 32
SizeMsgs 4096
4.40e-05	5.15e-05	6.45e-05	8.11e-05	8.15e-05	8.12e-05	8.15e-05	8.20e-05	
Num Msgs 64
SizeMsgs 4096
7.40e-05	7.74e-05	8.82e-05	1.00e-04	1.01e-04	1.01e-04	1.00e-04	1.02e-04	
Num Msgs 128
SizeMsgs 4096
2.27e-04	2.29e-04	2.35e-04	2.38e-04	2.39e-04	2.38e-04	2.38e-04	2.38e-04	
Num Msgs 256
SizeMsgs 4096
9.76e-04	9.80e-04	9.87e-04	9.89e-04	9.98e-04	1.00e-03	9.94e-04	1.02e-03	
Num Msgs 512
SizeMsgs 4096
3.73e-03	3.75e-03	3.78e-03	3.89e-03	3.87e-03	3.88e-03	3.87e-03	3.88e-03	
Num Msgs 1024
SizeMsgs 4096
1.46e-02	1.36e-02	1.49e-02	1.36e-02	1.52e-02	1.41e-02	1.48e-02	1.40e-02	
Num Msgs 2048
SizeMsgs 4096
5.55e-02	5.46e-02	5.62e-02	5.60e-02	5.72e-02	5.61e-02	5.72e-02	5.59e-02	
Num Msgs 4096
SizeMsgs 4096
2.19e-01	2.14e-01	2.21e-01	2.20e-01	2.25e-01	2.19e-01	2.25e-01	2.19e-01	

Num Msgs 1
SizeMsgs 8192
1.02e-05	1.03e-05	1.04e-05	1.06e-05	1.06e-05	1.07e-05	1.07e-05	1.07e-05	
Num Msgs 2
SizeMsgs 8192
1.42e-05	1.42e-05	1.44e-05	1.48e-05	1.48e-05	1.48e-05	1.48e-05	1.48e-05	
Num Msgs 4
SizeMsgs 8192
2.21e-05	2.22e-05	2.25e-05	2.27e-05	2.26e-05	2.26e-05	2.26e-05	2.28e-05	
Num Msgs 8
SizeMsgs 8192
3.64e-05	4.86e-05	6.64e-05	8.57e-05	8.57e-05	8.57e-05	8.60e-05	8.75e-05	
Num Msgs 16
SizeMsgs 8192
4.57e-05	6.10e-05	7.98e-05	1.01e-04	1.01e-04	1.01e-04	1.02e-04	1.04e-04	
Num Msgs 32
SizeMsgs 8192
6.20e-05	7.49e-05	9.74e-05	1.23e-04	1.24e-04	1.24e-04	1.24e-04	1.26e-04	
Num Msgs 64
SizeMsgs 8192
8.98e-05	9.60e-05	1.20e-04	1.53e-04	1.51e-04	1.51e-04	1.52e-04	1.55e-04	
Num Msgs 128
SizeMsgs 8192
2.46e-04	2.50e-04	2.70e-04	2.80e-04	2.79e-04	2.79e-04	2.82e-04	2.80e-04	
Num Msgs 256
SizeMsgs 8192
9.84e-04	9.89e-04	1.00e-03	1.01e-03	1.01e-03	1.02e-03	1.02e-03	1.01e-03	
Num Msgs 512
SizeMsgs 8192
3.74e-03	3.77e-03	3.80e-03	3.89e-03	3.89e-03	3.89e-03	3.91e-03	3.90e-03	
Num Msgs 1024
SizeMsgs 8192
1.46e-02	1.36e-02	1.50e-02	1.37e-02	1.50e-02	1.41e-02	1.50e-02	1.39e-02	
Num Msgs 2048
SizeMsgs 8192
5.57e-02	5.47e-02	5.65e-02	5.61e-02	5.74e-02	5.62e-02	5.74e-02	5.62e-02	
Num Msgs 4096
SizeMsgs 8192
2.16e-01	2.10e-01	2.19e-01	2.16e-01	2.23e-01	2.16e-01	2.23e-01	2.16e-01	
Num Msgs 8192
SizeMsgs 8192
9.78e-01	9.50e-01	9.83e-01	9.66e-01	9.94e-01	9.65e-01	9.95e-01	9.66e-01	

Num Msgs 1
SizeMsgs 16384
1.81e-05	1.80e-05	1.81e-05	1.81e-05	1.82e-05	2.01e-05	1.79e-05	1.79e-05	
Num Msgs 2
SizeMsgs 16384
2.10e-05	2.09e-05	2.12e-05	2.11e-05	2.19e-05	2.29e-05	2.11e-05	2.12e-05	
Num Msgs 4
SizeMsgs 16384
2.93e-05	2.93e-05	2.96e-05	2.98e-05	2.97e-05	3.02e-05	3.17e-05	2.97e-05	
Num Msgs 8
SizeMsgs 16384
4.63e-05	4.64e-05	4.67e-05	4.69e-05	4.70e-05	4.70e-05	4.70e-05	4.70e-05	
Num Msgs 16
SizeMsgs 16384
6.94e-05	9.50e-05	1.32e-04	1.71e-04	1.72e-04	1.73e-04	1.73e-04	1.77e-04	
Num Msgs 32
SizeMsgs 16384
8.81e-05	1.17e-04	1.59e-04	2.02e-04	2.02e-04	2.01e-04	2.04e-04	2.05e-04	
Num Msgs 64
SizeMsgs 16384
1.25e-04	1.44e-04	1.87e-04	2.42e-04	2.42e-04	2.41e-04	2.42e-04	2.46e-04	
Num Msgs 128
SizeMsgs 16384
2.82e-04	2.88e-04	3.10e-04	3.34e-04	3.35e-04	3.36e-04	3.31e-04	3.38e-04	
Num Msgs 256
SizeMsgs 16384
1.03e-03	1.04e-03	1.06e-03	1.07e-03	1.08e-03	1.07e-03	1.07e-03	1.08e-03	
Num Msgs 512
SizeMsgs 16384
3.75e-03	3.77e-03	3.82e-03	3.91e-03	3.90e-03	3.89e-03	3.91e-03	3.92e-03	
Num Msgs 1024
SizeMsgs 16384
1.46e-02	1.36e-02	1.50e-02	1.37e-02	1.50e-02	1.41e-02	1.50e-02	1.39e-02	
Num Msgs 2048
SizeMsgs 16384
5.56e-02	5.46e-02	5.64e-02	5.60e-02	5.74e-02	5.61e-02	5.73e-02	5.60e-02	
Num Msgs 4096
SizeMsgs 16384
2.17e-01	2.07e-01	2.19e-01	2.13e-01	2.23e-01	2.13e-01	2.23e-01	2.13e-01	
Num Msgs 8192
SizeMsgs 16384
9.74e-01	9.53e-01	9.79e-01	9.71e-01	9.94e-01	9.71e-01	9.93e-01	9.71e-01	
Num Msgs 16384
SizeMsgs 16384
4.52e+00	4.36e+00	4.53e+00	4.51e+00	4.58e+00	4.50e+00	4.58e+00	4.51e+00	

Num Msgs 1
SizeMsgs 32768
3.19e-05	3.18e-05	3.20e-05	3.42e-05	3.18e-05	3.39e-05	3.19e-05	3.39e-05	
Num Msgs 2
SizeMsgs 32768
3.47e-05	3.41e-05	3.42e-05	3.63e-05	3.48e-05	3.63e-05	3.49e-05	3.62e-05	
Num Msgs 4
SizeMsgs 32768
4.26e-05	4.24e-05	4.23e-05	4.40e-05	4.38e-05	4.39e-05	4.40e-05	4.40e-05	
Num Msgs 8
SizeMsgs 32768
6.10e-05	6.04e-05	6.06e-05	6.08e-05	6.32e-05	6.07e-05	6.33e-05	6.11e-05	
Num Msgs 16
SizeMsgs 32768
9.53e-05	9.55e-05	9.73e-05	9.65e-05	9.66e-05	9.68e-05	9.68e-05	9.70e-05	
Num Msgs 32
SizeMsgs 32768
1.34e-04	1.87e-04	2.63e-04	3.42e-04	3.43e-04	3.44e-04	3.45e-04	3.55e-04	
Num Msgs 64
SizeMsgs 32768
1.76e-04	2.38e-04	3.09e-04	3.99e-04	4.00e-04	4.01e-04	4.00e-04	4.10e-04	
Num Msgs 128
SizeMsgs 32768
3.52e-04	3.66e-04	3.92e-04	4.59e-04	4.64e-04	4.60e-04	4.59e-04	4.68e-04	
Num Msgs 256
SizeMsgs 32768
1.08e-03	1.10e-03	1.13e-03	1.16e-03	1.17e-03	1.17e-03	1.17e-03	1.17e-03	
Num Msgs 512
SizeMsgs 32768
3.87e-03	3.88e-03	3.92e-03	4.00e-03	3.99e-03	4.00e-03	4.01e-03	4.01e-03	
Num Msgs 1024
SizeMsgs 32768
1.46e-02	1.36e-02	1.51e-02	1.37e-02	1.53e-02	1.42e-02	1.49e-02	1.40e-02	
Num Msgs 2048
SizeMsgs 32768
5.56e-02	5.46e-02	5.65e-02	5.61e-02	5.74e-02	5.61e-02	5.74e-02	5.61e-02	
Num Msgs 4096
SizeMsgs 32768
2.17e-01	2.07e-01	2.19e-01	2.13e-01	2.23e-01	2.13e-01	2.23e-01	2.13e-01	
Num Msgs 8192
SizeMsgs 32768
9.74e-01	9.38e-01	9.79e-01	9.56e-01	9.93e-01	9.56e-01	9.93e-01	9.57e-01	
Num Msgs 16384
SizeMsgs 32768
4.51e+00	4.44e+00	4.53e+00	4.50e+00	4.57e+00	4.50e+00	4.57e+00	4.51e+00	

Num Msgs 1
SizeMsgs 65536
5.93e-05	5.91e-05	6.17e-05	6.21e-05	6.14e-05	6.17e-05	6.17e-05	6.18e-05	
Num Msgs 2
SizeMsgs 65536
6.02e-05	6.01e-05	6.17e-05	6.30e-05	6.34e-05	6.32e-05	6.32e-05	6.32e-05	
Num Msgs 4
SizeMsgs 65536
6.96e-05	6.86e-05	6.87e-05	7.14e-05	7.14e-05	7.15e-05	7.15e-05	7.17e-05	
Num Msgs 8
SizeMsgs 65536
8.72e-05	8.64e-05	8.66e-05	8.95e-05	8.95e-05	8.94e-05	8.95e-05	8.96e-05	
Num Msgs 16
SizeMsgs 65536
1.24e-04	1.25e-04	1.26e-04	1.29e-04	1.28e-04	1.28e-04	1.27e-04	1.28e-04	
Num Msgs 32
SizeMsgs 65536
1.95e-04	1.96e-04	1.96e-04	1.99e-04	2.00e-04	2.01e-04	1.99e-04	2.00e-04	
Num Msgs 64
SizeMsgs 65536
2.70e-04	3.58e-04	5.24e-04	6.80e-04	6.82e-04	6.89e-04	6.86e-04	7.09e-04	
Num Msgs 128
SizeMsgs 65536
4.53e-04	5.09e-04	6.10e-04	7.62e-04	7.77e-04	7.64e-04	7.66e-04	7.98e-04	
Num Msgs 256
SizeMsgs 65536
1.22e-03	1.27e-03	1.30e-03	1.35e-03	1.36e-03	1.36e-03	1.37e-03	1.37e-03	
Num Msgs 512
SizeMsgs 65536
3.93e-03	3.99e-03	4.03e-03	4.14e-03	4.14e-03	4.15e-03	4.16e-03	4.18e-03	
Num Msgs 1024
SizeMsgs 65536
1.50e-02	1.50e-02	1.50e-02	1.55e-02	1.55e-02	1.50e-02	1.55e-02	1.54e-02	
Num Msgs 2048
SizeMsgs 65536
5.57e-02	5.16e-02	5.66e-02	5.31e-02	5.75e-02	5.31e-02	5.76e-02	5.31e-02	
Num Msgs 4096
SizeMsgs 65536
2.17e-01	2.16e-01	2.19e-01	2.22e-01	2.23e-01	2.22e-01	2.23e-01	2.22e-01	
Num Msgs 8192
SizeMsgs 65536
9.74e-01	9.16e-01	9.80e-01	9.34e-01	9.93e-01	9.34e-01	9.93e-01	9.35e-01	
Num Msgs 16384
SizeMsgs 65536
4.51e+00	4.43e+00	4.53e+00	4.58e+00	4.61e+00	4.59e+00	4.61e+00	4.59e+00	
